>AR-halfsite NR
0.1220	0.2040	0.4390	0.3350	0.0010	0.4705	0.9970	0.0010	0.9650	0.0310
0.4830	0.6130	0.1240	0.0010	0.0010	0.2727	0.0010	0.9940	0.0010	0.3313
0.2770	0.0090	0.1870	0.6630	0.9970	0.1678	0.0010	0.0040	0.0010	0.5336
0.1180	0.1740	0.2500	0.0010	0.0010	0.0889	0.0010	0.0010	0.0330	0.1041
>PAX5,Pax8 Paired,Homeobox
0.0310	0.0795	0.0020	0.7480	0.0655	0.1045	0.0010	0.2773	0.0310	0.0125	0.3587	0.0930	0.0500	0.0380	0.2885
0.0725	0.2345	0.8420	0.1565	0.3900	0.0170	0.7012	0.2683	0.1457	0.2510	0.1491	0.6545	0.0370	0.0010	0.4490
0.6554	0.1125	0.0155	0.0240	0.0710	0.8775	0.2963	0.0435	0.0065	0.6780	0.4907	0.1895	0.0130	0.9090	0.2610
0.2411	0.5735	0.1405	0.0715	0.4735	0.0010	0.0015	0.4108	0.8168	0.0585	0.0015	0.0630	0.9000	0.0520	0.0015
>Mef2a,Mef2b,Mef2c,Mef2d MADS
0.0365	0.0035	0.9369	0.1070	0.1232	0.0517	0.2387	0.1749	0.5193	0.0980
0.7580	0.0740	0.0050	0.0028	0.0200	0.0959	0.1462	0.0984	0.0013	0.0445
0.0710	0.0015	0.0228	0.0063	0.0110	0.0207	0.0515	0.1337	0.4631	0.6928
0.1345	0.9210	0.0353	0.8839	0.8458	0.8317	0.5636	0.5930	0.0163	0.1647
>Six1,Six2,Six4 Homeobox
0.0053	0.4635	0.8420	0.9970	0.0427	0.2191	0.0747	0.0713	0.9970	0.0823	0.4631	0.1020
0.0010	0.0237	0.1237	0.0010	0.4847	0.4118	0.1603	0.0100	0.0010	0.2598	0.3932	0.6344
0.9780	0.0560	0.0023	0.0010	0.0580	0.0624	0.0793	0.8747	0.0010	0.2908	0.0540	0.0883
0.0157	0.4568	0.0320	0.0010	0.4147	0.3068	0.6857	0.0440	0.0010	0.3671	0.0897	0.1753
>PBX1,Pbx3,Pknox1 Homeobox
0.0720	0.0290	0.0040	0.0017	0.0010	0.9407	0.3686	0.0010	0.0013	0.9270
0.7644	0.0630	0.0010	0.1987	0.9967	0.0410	0.4031	0.0060	0.9957	0.0167
0.0963	0.0010	0.9940	0.0010	0.0013	0.0010	0.2186	0.0053	0.0020	0.0010
0.0673	0.9070	0.0010	0.7986	0.0010	0.0173	0.0097	0.9877	0.0010	0.0553
>TEAD,TEAD1,TEAD2,TEAD3,TEAD4 TEA,TEAD
0.1878	0.3378	0.0122	0.0010	0.9150	0.9924	0.0010	0.0010	0.0452
0.4944	0.0532	0.0030	0.0010	0.0216	0.0010	0.0018	0.0604	0.4717
0.1368	0.0418	0.9756	0.9970	0.0046	0.0010	0.0010	0.7020	0.0010
0.1810	0.5672	0.0092	0.0010	0.0588	0.0056	0.9962	0.2366	0.4821
>GLI3,Gli2 Zf
0.1006	0.0700	0.0840	0.0240	0.0050	0.0070	0.0695	0.0135	0.0110	0.0070	0.0330	0.0936
0.4938	0.3060	0.0440	0.0110	0.0060	0.0205	0.0190	0.0040	0.0090	0.1515	0.9135	0.4518
0.1461	0.5070	0.0315	0.9345	0.8370	0.9650	0.0340	0.9760	0.9565	0.0980	0.0275	0.0580
0.2596	0.1170	0.8405	0.0305	0.1520	0.0075	0.8775	0.0065	0.0235	0.7435	0.0260	0.3966
>NF1,Tlx? CTF,NR
0.0705	0.0875	0.0010	0.0180	0.1570	0.5388	0.1656	0.2257	0.1826	0.3390	0.0060	0.0160	0.0025	0.7425
0.5001	0.0020	0.0010	0.0240	0.7895	0.1185	0.2421	0.2606	0.4208	0.0170	0.0370	0.9345	0.9955	0.1580
0.0695	0.0920	0.9935	0.9410	0.0490	0.0150	0.4123	0.3021	0.2561	0.1000	0.7800	0.0315	0.0010	0.0020
0.3599	0.8185	0.0045	0.0170	0.0045	0.3277	0.1801	0.2117	0.1405	0.5440	0.1770	0.0180	0.0010	0.0975
>AMYB,BMYB,MYB HTH
0.2210	0.2803	0.0010	0.4145	0.0010	0.0010	0.0030	0.4150
0.0020	0.0250	0.9970	0.2709	0.0010	0.0010	0.0010	0.0103
0.6903	0.5320	0.0010	0.2562	0.9947	0.0010	0.0010	0.4450
0.0867	0.1627	0.0010	0.0584	0.0033	0.9970	0.9950	0.1297
>OCT:OCT,OCT:OCT-short,Pit1+1bp Homeobox,POU,Homeobox,POU,Homeobox,IR1
0.8744	0.0023	0.0597	0.4233	0.9437	0.0290	0.5867	0.9670	0.0310	0.0463	0.0383	0.9876	0.0990
0.0423	0.0013	0.0220	0.5154	0.0123	0.0063	0.0110	0.0033	0.0130	0.0083	0.8807	0.0037	0.0967
0.0213	0.0057	0.8780	0.0140	0.0107	0.0057	0.0190	0.0020	0.0083	0.3970	0.0230	0.0010	0.0990
0.0620	0.9907	0.0403	0.0473	0.0333	0.9590	0.3833	0.0277	0.9477	0.5484	0.0580	0.0077	0.7053
>HNF1b,Hnf1 Homeobox
0.1475	0.0435	0.0905	0.9285	0.8489	0.3375	0.1700	0.8284	0.0435	0.0145	0.7581	0.8050
0.0470	0.0710	0.0755	0.0185	0.0816	0.0360	0.4040	0.0065	0.0015	0.0345	0.0530	0.0860
0.6750	0.0715	0.0660	0.0325	0.0130	0.0105	0.2490	0.0160	0.0820	0.0140	0.0880	0.0655
0.1305	0.8140	0.7680	0.0205	0.0565	0.6160	0.1770	0.1491	0.8730	0.9370	0.1009	0.0435
>HRE HSF
0.0860	0.0655	0.0820	0.0612	0.5865	0.0030	0.9195	0.8810	0.1656	0.2364	0.0335	0.0205	0.0045	0.0190	0.5002
0.1655	0.1165	0.8055	0.2754	0.0135	0.0010	0.0500	0.0130	0.3252	0.2919	0.0660	0.0170	0.9720	0.4305	0.1165
0.1520	0.1085	0.0790	0.0592	0.3935	0.9950	0.0125	0.0780	0.2906	0.2933	0.0195	0.0615	0.0130	0.0145	0.2454
0.5965	0.7095	0.0335	0.6042	0.0065	0.0010	0.0180	0.0280	0.2186	0.1784	0.8810	0.9010	0.0105	0.5360	0.1379
>DMRT1,DMRT6 DM
0.2995	0.0960	0.3668	0.3160	0.9365	0.0435	0.6885	0.3885	0.2715	0.0535	0.0465	0.4805	0.2869	0.0950
0.0565	0.0430	0.2783	0.1235	0.0045	0.8575	0.0315	0.1030	0.0065	0.0455	0.0070	0.0610	0.0555	0.7350
0.2500	0.7675	0.0440	0.0560	0.0075	0.0435	0.0070	0.1040	0.0325	0.8540	0.0075	0.1235	0.2819	0.0530
0.3940	0.0935	0.3108	0.5045	0.0515	0.0555	0.2730	0.4045	0.6895	0.0470	0.9390	0.3350	0.3758	0.1170
>Bcl6,STAT1,STAT4,Stat3,Stat3+il21 Stat,Zf
0.1020	0.0152	0.0148	0.0926	0.0168	0.3543	0.1732	0.0288	0.8802	0.9454
0.3485	0.0532	0.0150	0.8608	0.7572	0.1541	0.0094	0.0170	0.0716	0.0142
0.1196	0.0176	0.0756	0.0130	0.0078	0.1915	0.8022	0.8538	0.0340	0.0226
0.4299	0.9140	0.8946	0.0336	0.2182	0.3001	0.0152	0.1004	0.0142	0.0178
>Zic,Zic2,Zic3 Zf
0.0010	0.1923	0.0520	0.0883	0.0010	0.1117	0.0010	0.3252	0.0010
0.9963	0.7937	0.3487	0.0040	0.9773	0.0220	0.0017	0.1011	0.0393
0.0017	0.0010	0.0013	0.9067	0.0167	0.0657	0.9963	0.2359	0.8017
0.0010	0.0130	0.5980	0.0010	0.0050	0.8006	0.0010	0.3379	0.1580
>LEF1,TCFL2,Tcf3,Tcf7 HMG
0.8634	0.0163	0.5825	0.0773	0.0420	0.9887	0.9754	0.9730	0.0910	0.1310
0.0068	0.5364	0.0070	0.0028	0.8462	0.0010	0.0033	0.0010	0.0115	0.2374
0.0700	0.3505	0.0010	0.0065	0.1108	0.0010	0.0203	0.0185	0.8965	0.5321
0.0598	0.0968	0.4095	0.9134	0.0010	0.0093	0.0010	0.0075	0.0010	0.0995
>HLF,NFIL3 bZIP
0.0100	0.0085	0.5460	0.0620	0.5775	0.0635	0.7605	0.9675	0.0695
0.0175	0.0125	0.0140	0.6000	0.0500	0.2550	0.2130	0.0060	0.3940
0.0080	0.1735	0.3605	0.0475	0.3430	0.0125	0.0115	0.0160	0.1720
0.9645	0.8055	0.0795	0.2905	0.0295	0.6690	0.0150	0.0105	0.3645
>RFX,Rfx1,Rfx2,X-box HTH
0.0353	0.0078	0.0495	0.1253	0.0028	0.0025	0.8237	0.0752	0.1085	0.0825	0.1650	0.7372	0.8967	0.1293
0.0075	0.0530	0.1561	0.0643	0.9022	0.8787	0.0675	0.0375	0.0013	0.0108	0.6217	0.0195	0.0305	0.5954
0.9467	0.0218	0.0190	0.6506	0.0098	0.0013	0.0368	0.0757	0.8887	0.9039	0.0735	0.1938	0.0593	0.1273
0.0105	0.9174	0.7754	0.1598	0.0852	0.1175	0.0720	0.8116	0.0015	0.0028	0.1398	0.0495	0.0135	0.1480
>DUX,GATA Homeobox,Zf
0.5085	0.0010	0.9970	0.0010	0.2122	0.2175	0.5825	0.9970	0.0010	0.0010	0.6025
0.0010	0.0010	0.0010	0.0010	0.0906	0.2850	0.1290	0.0010	0.0010	0.9480	0.0075
0.0525	0.9970	0.0010	0.0010	0.1186	0.1905	0.0920	0.0010	0.0010	0.0075	0.0010
0.4380	0.0010	0.0010	0.9970	0.5786	0.3070	0.1965	0.0010	0.9970	0.0435	0.3890
>Atf4,CEBP:AP1,Chop bZIP
0.0043	0.0017	0.1757	0.0097	0.8850	0.2253	0.0217	0.9734	0.0163
0.0033	0.0020	0.0020	0.9847	0.0450	0.0117	0.9540	0.0050	0.2199
0.0053	0.0097	0.6913	0.0013	0.0410	0.0070	0.0050	0.0143	0.2798
0.9871	0.9866	0.1310	0.0043	0.0290	0.7560	0.0193	0.0073	0.4840
>Egr1,Egr2,WT1 Zf
0.0857	0.1543	0.0057	0.0010	0.0503	0.0010	0.0010	0.4083	0.0340
0.1167	0.4885	0.0010	0.0030	0.0010	0.0013	0.0010	0.3503	0.0013
0.7873	0.0220	0.9910	0.2857	0.9477	0.9890	0.9970	0.0080	0.9410
0.0103	0.3352	0.0023	0.7103	0.0010	0.0087	0.0010	0.2333	0.0237
>Tgif1,Tgif2 Homeobox
0.0245	0.0580	0.3830	0.0290	0.7945
0.0645	0.0220	0.0840	0.9170	0.0775
0.0085	0.8475	0.0205	0.0145	0.0940
0.9025	0.0725	0.5125	0.0395	0.0340
>E2F1,E2F3,E2F4,E2F6,E2F7 E2F
0.1127	0.0106	0.0502	0.0030	0.0146	0.0342	0.9104	0.7570
0.2309	0.0290	0.9176	0.0598	0.1792	0.0638	0.0386	0.0246
0.6382	0.9586	0.0104	0.9304	0.7830	0.8822	0.0320	0.1528
0.0182	0.0018	0.0218	0.0068	0.0232	0.0198	0.0190	0.0656
>Pax7,Phox2a,Phox2b,Prop1 Homeobox,Paired,Homeobox
0.1028	0.8987	0.9967	0.0473	0.0553	0.2702	0.4584	0.8797	0.0010	0.0493	0.8387
0.0478	0.0050	0.0010	0.0635	0.3355	0.1883	0.1210	0.0335	0.0013	0.0488	0.0245
0.0263	0.0528	0.0013	0.0380	0.1173	0.2777	0.3861	0.0488	0.0018	0.0063	0.0443
0.8231	0.0435	0.0010	0.8512	0.4920	0.2637	0.0345	0.0380	0.9959	0.8956	0.0925
>PU.1,SpiB ETS
0.6685	0.1920	0.6345	0.0920	0.0010	0.9970	0.9935	0.0555	0.0075	0.0605
0.0260	0.1079	0.1390	0.0010	0.0010	0.0010	0.0010	0.1696	0.0770	0.1320
0.1115	0.6496	0.2255	0.9060	0.9970	0.0010	0.0010	0.7604	0.0230	0.7495
0.1940	0.0505	0.0010	0.0010	0.0010	0.0010	0.0045	0.0145	0.8925	0.0580
>ARE,GRE,PGR,PR NR
0.5600	0.0770	0.4456	0.9258	0.0102	0.7748	0.1354	0.2958	0.2406	0.1230	0.0056	0.0316	0.1610	0.0404
0.0022	0.0032	0.1606	0.0154	0.9348	0.0140	0.2300	0.1918	0.3952	0.0482	0.0272	0.0302	0.2535	0.8502
0.3208	0.9044	0.2448	0.0290	0.0300	0.0932	0.3168	0.1814	0.2162	0.0026	0.9584	0.0232	0.1616	0.0084
0.1170	0.0154	0.1490	0.0298	0.0250	0.1180	0.3179	0.3310	0.1480	0.8262	0.0088	0.9150	0.4239	0.1010
>FOXA1,FOXK1,FOXK2,FOXM1,FOXP1,Fox:Ebox,FoxL2,Foxa2,Foxa3,Foxf1,Foxo1,Foxo3 Forkhead,Forkhead,bHLH
0.0088	0.1542	0.0035	0.0054	0.0037	0.8520	0.0108
0.0036	0.0031	0.0172	0.0015	0.0015	0.0267	0.7936
0.0086	0.8379	0.0058	0.0442	0.1354	0.1019	0.0046
0.9790	0.0048	0.9735	0.9489	0.8594	0.0194	0.1910
>NFkB-p65,NFkB-p65-Rel RHD
0.0120	0.0995	0.8885	0.9610	0.7110	0.0544	0.0120	0.0620	0.0025	0.1539
0.0010	0.0020	0.0015	0.0095	0.0110	0.1363	0.3925	0.9360	0.9865	0.7881
0.9835	0.8740	0.0970	0.0135	0.0365	0.0899	0.0010	0.0010	0.0010	0.0085
0.0035	0.0245	0.0130	0.0160	0.2415	0.7194	0.5945	0.0010	0.0100	0.0495
>Eomes,Tbet,Tbr1,Tbx21,Tbx5,Tbx6 T-box
0.7602	0.1810	0.0162	0.0225	0.0085	0.1770	0.0395	0.9160	0.5984
0.0195	0.0405	0.1025	0.0507	0.0063	0.1716	0.2322	0.0078	0.1535
0.1323	0.6578	0.8403	0.0155	0.9775	0.0362	0.4213	0.0466	0.1133
0.0880	0.1207	0.0410	0.9113	0.0077	0.6152	0.3070	0.0296	0.1348
>EKLF,KLF1,KLF14,KLF3,KLF5,KLF6,Klf4,Klf9,Sp1,Sp2,Sp5 Zf
0.2064	0.0636	0.0010	0.0012	0.0466	0.0058	0.0059	0.1489	0.0823	0.0380
0.0088	0.0017	0.0012	0.0010	0.5269	0.0013	0.0069	0.0026	0.0545	0.7636
0.3579	0.9337	0.9968	0.9967	0.0010	0.9902	0.5272	0.8257	0.7854	0.0239
0.4269	0.0010	0.0010	0.0011	0.4255	0.0027	0.4600	0.0228	0.0778	0.1745
>HNF4a,PPARE,PPARa,RXR,TR4 NR
0.5197	0.0992	0.1234	0.1070	0.0586	0.9552	0.6668	0.8804	0.0320	0.0424	0.0390	0.0496	0.8250
0.0162	0.0052	0.0258	0.1606	0.7574	0.0184	0.0322	0.0016	0.0032	0.0104	0.1742	0.7732	0.0512
0.3969	0.8262	0.7268	0.3507	0.1196	0.0168	0.2820	0.1112	0.9476	0.7174	0.1904	0.0900	0.0506
0.0672	0.0694	0.1240	0.3818	0.0644	0.0096	0.0190	0.0068	0.0172	0.2298	0.5964	0.0872	0.0732
>Rfx5,Rfx6 HTH
0.1500	0.1255	0.2125	0.0931	0.0105	0.1557	0.0315	0.6675	0.0040	0.0700	0.9250	0.9405	0.0010	0.4300
0.1495	0.2060	0.2595	0.2312	0.9255	0.6272	0.1925	0.0055	0.0010	0.7740	0.0010	0.0090	0.9970	0.3111
0.5695	0.1495	0.1375	0.3261	0.0105	0.0055	0.0010	0.3260	0.9940	0.0010	0.0525	0.0495	0.0010	0.0820
0.1310	0.5190	0.3905	0.3496	0.0535	0.2116	0.7750	0.0010	0.0010	0.1550	0.0215	0.0010	0.0010	0.1769
>Atf1,Atf2,Atf7,CRE,CREB5,JunD,c-Jun-CRE bZIP
0.4542	0.0140	0.0059	0.9070	0.0310	0.1706	0.0341	0.1299	0.9465
0.1703	0.0177	0.0430	0.0071	0.6951	0.1045	0.0550	0.8168	0.0086
0.3415	0.0073	0.8425	0.0409	0.1034	0.6996	0.0131	0.0460	0.0243
0.0340	0.9610	0.1086	0.0450	0.1705	0.0253	0.8978	0.0073	0.0206
>CRX,GSC,Otx2,Pitx1 Homeobox
0.1990	0.0973	0.7990	0.0090	0.0530	0.8964
0.0143	0.0278	0.1330	0.0030	0.0300	0.0078
0.7467	0.8519	0.0205	0.0038	0.0015	0.0073
0.0400	0.0230	0.0475	0.9842	0.9155	0.0885
>Brn2,OCT:OCT,Pit1 Homeobox,POU,Homeobox
0.8606	0.0013	0.1615	0.4522	0.9057	0.0168	0.9376	0.1813	0.1704	0.0313	0.6040	0.1595
0.0313	0.0145	0.0380	0.4047	0.0030	0.0363	0.0013	0.0408	0.0177	0.6477	0.1255	0.1510
0.0298	0.0020	0.7692	0.0020	0.0340	0.0010	0.0448	0.0075	0.3489	0.0715	0.1420	0.1495
0.0783	0.9822	0.0313	0.1410	0.0573	0.9459	0.0163	0.7704	0.4629	0.2495	0.1285	0.5400
>Smad2,Smad3,Smad4 MAD
0.2170	0.0010	0.0197	0.0053	0.0040	0.2120	0.1063
0.2918	0.0010	0.0067	0.9510	0.0067	0.0417	0.3117
0.0153	0.9953	0.1440	0.0040	0.0277	0.7420	0.4880
0.4758	0.0027	0.8296	0.0397	0.9616	0.0043	0.0940
>CUX1,Cux2,HNF6,Hnf6b Homeobox
0.9869	0.0020	0.0308	0.0685	0.9677	0.0333	0.1058
0.0045	0.0108	0.3727	0.0075	0.0068	0.1358	0.4413
0.0043	0.0038	0.0150	0.8992	0.0245	0.0163	0.0576
0.0043	0.9834	0.5815	0.0248	0.0010	0.8146	0.3953
>BMAL1,CLOCK,E-box,E2A,MNT,Max,NPAS,NPAS2,Slug,Snail1,TFE3,USF1,Usf2,ZEB1,ZEB2,bHLHE40,bHLHE41,c-Myc,n-Myc Zf,bHLH
0.0171	0.9637	0.0043	0.0492	0.0103	0.0371
0.9669	0.0056	0.6553	0.0104	0.0166	0.0071
0.0070	0.0135	0.2504	0.9368	0.0091	0.9438
0.0090	0.0172	0.0900	0.0036	0.9640	0.0120
>Brn1,OCT4-SOX2-TCF-NANOG,Oct11,Oct2,Oct4,Oct6 POU,Homeobox,POU,Homeobox,HMG
0.1615	0.9586	0.0118	0.0080	0.0148	0.7871	0.9186	0.9904	0.0627
0.1612	0.0037	0.0030	0.0107	0.8154	0.0052	0.0032	0.0013	0.0277
0.1157	0.0103	0.0097	0.9381	0.0525	0.0022	0.0692	0.0028	0.0827
0.5616	0.0274	0.9755	0.0432	0.1173	0.2055	0.0090	0.0055	0.8269
>DLX1,DLX2,DLX5,Dlx3,En1,LHX9,Lhx1,Lhx2,Lhx3 Homeobox
0.0444	0.7732	0.9569	0.0169	0.0233	0.7546
0.1977	0.1130	0.0116	0.0162	0.0799	0.0176
0.0147	0.0838	0.0131	0.0104	0.1043	0.1826
0.7432	0.0300	0.0184	0.9565	0.7925	0.0452
>HIC1,Meis1,NF1-halfsite CTF,Homeobox,Zf
0.0030	0.0173	0.1797	0.0040	0.9356	0.2560
0.0143	0.0010	0.4653	0.9820	0.0607	0.1503
0.0010	0.9794	0.1937	0.0053	0.0017	0.5214
0.9817	0.0023	0.1613	0.0087	0.0020	0.0723
>EHF,ELF1,ELF3,ELF5,ERG,ETS,ETS1,ETV1,ETV4,EWS:ERG-fusion,EWS:FLI1-fusion,Elf4,Elk1,Elk4,Ets1-distal,Etv2,Fli1,GABPA,SPDEF ETS
0.1169	0.5087	0.0078	0.0139	0.9607	0.8659	0.2665	0.0783
0.6845	0.4578	0.0088	0.0074	0.0137	0.0148	0.0713	0.2253
0.1698	0.0221	0.9787	0.9706	0.0095	0.0096	0.6421	0.0724
0.0288	0.0114	0.0047	0.0081	0.0161	0.1097	0.0201	0.6240
>HOXA1,HOXA2,Hoxb4,Hoxc9,PBX2,Pdx1 Homeobox
0.1210	0.2325	0.8888	0.0010	0.2470	0.6947	0.8574	0.0078	0.0222	0.7905
0.4880	0.5698	0.0128	0.0040	0.4838	0.2008	0.0408	0.0162	0.9039	0.0340
0.0537	0.0675	0.0882	0.0010	0.0197	0.0048	0.0830	0.0132	0.0115	0.0027
0.3373	0.1302	0.0102	0.9940	0.2495	0.0997	0.0188	0.9628	0.0624	0.1728
>STAT5,STAT6 Stat
0.0570	0.0023	0.0027	0.0493	0.1191	0.2993	0.6307	0.0037	0.9903	0.9927
0.0720	0.0020	0.6330	0.7517	0.2521	0.2240	0.0030	0.0033	0.0027	0.0030
0.0637	0.0023	0.0023	0.0023	0.1518	0.2313	0.3133	0.9910	0.0033	0.0020
0.8073	0.9934	0.3620	0.1967	0.4771	0.2453	0.0530	0.0020	0.0037	0.0023
>AP-1,Atf3,BATF,Bach1,Bach2,Fos,Fosl2,Fra1,Fra2,Jun-AP1,JunB,MafB,MafK,NF-E2,NFE2L2,Nrf2 bZIP
0.0184	0.0158	0.9516	0.0531	0.0462	0.0879	0.9510	0.1476	0.1517
0.0114	0.0104	0.0125	0.5646	0.0107	0.8777	0.0070	0.1485	0.5324
0.0054	0.9019	0.0148	0.3301	0.0096	0.0132	0.0174	0.5161	0.1661
0.9648	0.0719	0.0211	0.0522	0.9335	0.0212	0.0246	0.1878	0.1498
>Isl1,Nkx6.1 Homeobox
0.0020	0.9710	0.9970	0.0010	0.0070	0.3135
0.0010	0.0010	0.0010	0.0010	0.0500	0.0085
0.0010	0.0270	0.0010	0.1765	0.4970	0.6770
0.9960	0.0010	0.0010	0.8215	0.4460	0.0010
>GATA3,GATA:SCL,Gata1,Gata2,Gata4,Gata6,TRPS1 Zf,Zf,bHLH
0.6567	0.0024	0.9907	0.0046	0.9276	0.8899	0.1369	0.3848
0.0427	0.0024	0.0030	0.0121	0.0110	0.0154	0.2278	0.2213
0.0049	0.9913	0.0030	0.0020	0.0053	0.0737	0.5759	0.3312
0.2957	0.0039	0.0033	0.9813	0.0561	0.0210	0.0594	0.0627
>EBF,EBF1,EBF2 EBF
0.0350	0.0070	0.0190	0.0240	0.3488	0.2940	0.0973	0.1153	0.0757	0.6556
0.3224	0.9570	0.8124	0.9266	0.2220	0.0250	0.0033	0.0010	0.0207	0.0947
0.0540	0.0077	0.0013	0.0027	0.0253	0.4783	0.8737	0.8724	0.8943	0.2017
0.5886	0.0283	0.1673	0.0467	0.4039	0.2027	0.0257	0.0113	0.0093	0.0480
>IRF1,IRF2,IRF3,IRF8,ISRE,PRDM1,PU.1-IRF,PU.1:IRF8 ETS:IRF,IRF,Zf
0.2050	0.5184	0.9074	0.9305	0.1432	0.1470	0.0724	0.8766	0.8685	0.9145	0.0740	0.1349
0.0483	0.0378	0.0298	0.0073	0.2884	0.1758	0.0193	0.0354	0.0350	0.0218	0.4406	0.2398
0.6950	0.4094	0.0340	0.0299	0.5153	0.0734	0.9037	0.0754	0.0736	0.0386	0.4376	0.0943
0.0517	0.0344	0.0288	0.0323	0.0531	0.6038	0.0046	0.0126	0.0229	0.0251	0.0478	0.5310
>Arnt:Ahr,HIF-1a,HIF-1b,HIF2a,Npas4 HLH,bHLH
0.1306	0.5464	0.0076	0.0380	0.0112	0.0310	0.3445
0.0980	0.0320	0.9460	0.0200	0.0144	0.0224	0.5021
0.2704	0.2432	0.0130	0.9244	0.0090	0.9264	0.0328
0.5010	0.1784	0.0334	0.0176	0.9654	0.0202	0.1206
>Sox10,Sox15,Sox17,Sox2,Sox21,Sox3,Sox4,Sox6,Sox7,Sox9 HMG
0.9587	0.0180	0.9828	0.9590	0.3874	0.1988	0.1903
0.0171	0.9404	0.0062	0.0139	0.0195	0.0207	0.1796
0.0070	0.0336	0.0051	0.0218	0.0222	0.7380	0.6025
0.0172	0.0080	0.0059	0.0053	0.5709	0.0425	0.0276
>CDX4,Cdx2,HOXB13,Hoxa10,Hoxa11,Hoxa13,Hoxa9,Hoxd10,Hoxd11,Hoxd12,Hoxd13,Unknown Homeobox
0.1201	0.0493	0.4471	0.7190	0.0206	0.5687	0.9310	0.9341	0.5737
0.3602	0.5340	0.3727	0.0771	0.0074	0.0711	0.0085	0.0272	0.1224
0.4645	0.0125	0.0211	0.1691	0.0153	0.2357	0.0141	0.0230	0.1308
0.0551	0.4042	0.1591	0.0348	0.9567	0.1245	0.0464	0.0157	0.1731
>Tcfcp2l1,p53,p63,p73 CP2,p53
0.4538	0.0058	0.5755	0.3372	0.0025	0.1028	0.1232	0.1615	0.3368	0.3605	0.4875	0.0025	0.4492	0.2038	0.0307	0.1247
0.0355	0.9445	0.2293	0.0188	0.0085	0.3655	0.4717	0.3862	0.1714	0.0630	0.0125	0.9895	0.2435	0.0400	0.0218	0.4090
0.3818	0.0267	0.0262	0.2412	0.9865	0.0188	0.0662	0.1448	0.3188	0.4537	0.3933	0.0065	0.0160	0.2018	0.9367	0.0325
0.1289	0.0230	0.1690	0.4028	0.0025	0.5129	0.3388	0.3075	0.1729	0.1228	0.1067	0.0015	0.2913	0.5544	0.0108	0.4339
>Bapx1,Nkx2.1,Nkx2.2,Nkx2.5,Nkx3.1 Homeobox
0.0996	0.1232	0.4773	0.9800	0.0114	0.1693	0.1478	0.0194
0.2002	0.1970	0.0092	0.0020	0.0054	0.0016	0.0012	0.4127
0.0872	0.1956	0.4995	0.0034	0.9492	0.0332	0.8464	0.3799
0.6130	0.4843	0.0140	0.0146	0.0340	0.7959	0.0046	0.1880
>COUP-TFII,EAR2,ERE,ERRg,Erra,Esrrb,Nr5a2,RARa,RORa,RORg,RORgt,SF1,THRb,VDR NR
0.7489	0.0215	0.0133	0.0642	0.0187	0.9072
0.0084	0.0114	0.0070	0.1161	0.8804	0.0191
0.2302	0.9431	0.9036	0.0932	0.0408	0.0428
0.0125	0.0240	0.0761	0.7265	0.0601	0.0309
>LXRE,THRa,THRb NR
0.0693	0.0227	0.0207	0.0593	0.8300	0.1150	0.1349	0.1917	0.2177	0.6987	0.0180	0.0090	0.2080	0.0297	0.8674
0.0010	0.0093	0.1087	0.5937	0.0437	0.4743	0.3484	0.2623	0.2250	0.0460	0.0010	0.0083	0.1326	0.8246	0.0300
0.8497	0.8633	0.1393	0.0817	0.0540	0.1689	0.1419	0.0940	0.4497	0.2370	0.9737	0.9124	0.1263	0.0780	0.0533
0.0800	0.1047	0.7313	0.2653	0.0723	0.2419	0.3747	0.4520	0.1077	0.0183	0.0073	0.0703	0.5331	0.0677	0.0493
>Ap4,Ascl1,Ascl2,Atoh1,BHLHA15,E2A,HEB,Myf5,MyoD,MyoG,NeuroD1,NeuroG2,Olig2,Ptf1a,SCL,TCF4,Tcf12,Tcf21,Twist,Twist2 bHLH
0.0349	0.9410	0.0141	0.1640	0.0399	0.0044	0.0673
0.9468	0.0052	0.0790	0.7352	0.0117	0.0027	0.2793
0.0104	0.0127	0.6918	0.0880	0.0140	0.9808	0.2376
0.0079	0.0411	0.2151	0.0128	0.9344	0.0121	0.4159
>MafA,MafF,Tbx20 T-box,bZIP
0.3293	0.0930	0.0157	0.0440	0.9629	0.1360	0.0010	0.7896
0.0840	0.1357	0.0153	0.9463	0.0197	0.0353	0.9920	0.0137
0.0993	0.6690	0.0060	0.0010	0.0057	0.7200	0.0020	0.1250
0.4873	0.1023	0.9630	0.0087	0.0117	0.1087	0.0050	0.0717
>AP-2alpha,AP-2gamma AP2
0.1516	0.1836	0.0045	0.0010	0.0010	0.0195	0.0950	0.6875	0.0395	0.0010	0.0155
0.1291	0.0610	0.5695	0.9970	0.9380	0.2365	0.3820	0.0050	0.0010	0.0010	0.5770
0.1196	0.5273	0.4175	0.0010	0.0010	0.0110	0.4715	0.3030	0.9585	0.9970	0.3995
0.5997	0.2281	0.0085	0.0010	0.0600	0.7330	0.0515	0.0045	0.0010	0.0010	0.0080
>GFY-Staf,Ronin ?,Zf,THAP
0.4842	0.9970	0.0010	0.0010	0.9840	0.0010	0.8785	0.5722	0.0985	0.0600	0.0010	0.0010	0.0010	0.8625	0.0920	0.4495	0.7875	0.0920	0.0115	0.0235
0.0380	0.0010	0.9970	0.0190	0.0010	0.9970	0.0200	0.0675	0.3648	0.0290	0.9670	0.9970	0.9910	0.0010	0.1135	0.2980	0.0320	0.0365	0.1415	0.9360
0.4632	0.0010	0.0010	0.0010	0.0010	0.0010	0.0940	0.0755	0.1179	0.0075	0.0010	0.0010	0.0010	0.1355	0.6775	0.2110	0.1730	0.4415	0.7265	0.0040
0.0145	0.0010	0.0010	0.9790	0.0140	0.0010	0.0075	0.2848	0.4189	0.9035	0.0310	0.0010	0.0070	0.0010	0.1170	0.0415	0.0075	0.4300	0.1205	0.0365
>GFX,ZBTB33 ?,Zf
0.0220	0.0736	0.0110	0.0025	0.0040	0.0070	0.0025	0.8990	0.0065	0.9165	0.4095	0.0740
0.0610	0.8869	0.0620	0.9870	0.0030	0.9760	0.0010	0.0400	0.0425	0.0035	0.1670	0.4025
0.0250	0.0330	0.0420	0.0085	0.9795	0.0045	0.9925	0.0525	0.8790	0.0730	0.2190	0.1635
0.8920	0.0065	0.8850	0.0020	0.0135	0.0125	0.0040	0.0085	0.0720	0.0070	0.2045	0.3600
>RAR:RXR,RARg NR
0.6715	0.0140	0.0075	0.0335	0.0150	0.9970	0.8380	0.1215	0.0010	0.1701	0.0360	0.6975
0.0290	0.0010	0.0010	0.0405	0.9090	0.0010	0.0010	0.0010	0.0060	0.1751	0.7235	0.0165
0.2905	0.9680	0.6785	0.0180	0.0515	0.0010	0.1520	0.8765	0.9425	0.2272	0.1295	0.1835
0.0090	0.0170	0.3130	0.9080	0.0245	0.0010	0.0090	0.0010	0.0505	0.4277	0.1110	0.1025
>IRF:BATF,bZIP:IRF IRF:bZIP,bZIP,IRF
0.0390	0.0050	0.0045	0.0055	0.0010	0.6275	0.1962	0.2215	0.3915	0.0030	0.0250	0.8620	0.1570	0.1755
0.4005	0.0200	0.1295	0.0590	0.9715	0.0950	0.2077	0.0190	0.2105	0.0010	0.1295	0.0295	0.5295	0.0535
0.4235	0.0060	0.0145	0.0040	0.0105	0.0420	0.2798	0.0555	0.0645	0.0015	0.6535	0.0240	0.2615	0.0180
0.1370	0.9690	0.8515	0.9315	0.0170	0.2355	0.3163	0.7040	0.3335	0.9945	0.1920	0.0845	0.0520	0.7530
>DUX4,Duxbl Homeobox
0.2105	0.9480	0.9965	0.1514	0.0050	0.0055	0.9720	0.9860	0.0010	0.0010	0.9240	0.5526
0.0765	0.0015	0.0010	0.4303	0.6497	0.4950	0.0260	0.0120	0.0010	0.9535	0.0010	0.0891
0.0600	0.0495	0.0015	0.0575	0.1084	0.0010	0.0010	0.0010	0.0010	0.0010	0.0010	0.1701
0.6530	0.0010	0.0010	0.3608	0.2369	0.4985	0.0010	0.0010	0.9970	0.0445	0.0740	0.1882
>NRF,NRF1 NRF
0.0395	0.0265	0.0185	0.0205	0.0090	0.0030	0.8651	0.0210	0.0030	0.0060	0.0045	0.0035
0.5211	0.2804	0.0035	0.9665	0.0025	0.9895	0.0844	0.0390	0.0070	0.9780	0.0105	0.9625
0.3144	0.0535	0.9760	0.0095	0.9865	0.0040	0.0345	0.0840	0.9860	0.0025	0.9595	0.0050
0.1250	0.6396	0.0020	0.0035	0.0020	0.0035	0.0160	0.8560	0.0040	0.0135	0.0255	0.0290
>Srebp1a,Srebp2 bHLH
0.4117	0.0075	0.0070	0.9840	0.0010	0.2145	0.0010	0.0300	0.9580	0.0040
0.1481	0.0085	0.9640	0.0010	0.8470	0.3875	0.9970	0.9460	0.0295	0.5628
0.4373	0.0010	0.0280	0.0090	0.1425	0.3690	0.0010	0.0010	0.0080	0.0705
0.0030	0.9830	0.0010	0.0060	0.0095	0.0290	0.0010	0.0230	0.0045	0.3627
>BORIS,CTCF Zf
0.4165	0.0465	0.0375	0.0490	0.0511	0.0015	0.3732	0.0015	0.0020	0.0400	0.3175	0.0120	0.1095	0.0015	0.0295	0.1766
0.0875	0.3517	0.4702	0.0050	0.9329	0.9955	0.5728	0.6080	0.9960	0.0395	0.0575	0.3455	0.0945	0.0010	0.0485	0.4797
0.3730	0.5412	0.0285	0.8570	0.0090	0.0010	0.0170	0.0025	0.0010	0.0105	0.4855	0.6160	0.0345	0.9960	0.8690	0.1055
0.1230	0.0606	0.4638	0.0890	0.0070	0.0020	0.0370	0.3880	0.0010	0.9100	0.1395	0.0265	0.7615	0.0015	0.0530	0.2381
>ZFX,ZNF711 Zf
0.7546	0.0010	0.0025	0.0010	0.0010	0.0215	0.4140	0.1410
0.1104	0.0010	0.0185	0.9890	0.9970	0.1435	0.1755	0.1845
0.1030	0.9965	0.9780	0.0090	0.0010	0.0010	0.3055	0.5865
0.0320	0.0015	0.0010	0.0010	0.0010	0.8340	0.1050	0.0880
>RUNX,RUNX-AML,RUNX1,RUNX2 Runt
0.1590	0.0083	0.0010	0.0135	0.0013	0.0010	0.0010	0.0373	0.3240
0.4400	0.0023	0.0010	0.0483	0.0010	0.0055	0.0583	0.1850	0.0468
0.0818	0.0150	0.9970	0.0070	0.9962	0.9847	0.0448	0.0840	0.1498
0.3192	0.9744	0.0010	0.9312	0.0015	0.0088	0.8959	0.6937	0.4795
>Barx1 Homeobox
0.5900	0.5420	0.0700	0.3317	0.5910	0.0270	0.0460	0.7940
0.0960	0.0930	0.6180	0.4056	0.1590	0.0960	0.1800	0.0240
0.1910	0.2270	0.1970	0.0869	0.1120	0.0560	0.0600	0.0590
0.1230	0.1380	0.1150	0.1758	0.1380	0.8210	0.7140	0.1230
>Bcl11a Zf
0.1130	0.0410	0.0040	0.0270	0.5450	0.0480	0.0060	0.8930	0.0270	0.3030	0.4735	0.1210
0.1910	0.4530	0.0010	0.0550	0.0320	0.9100	0.9920	0.0010	0.3780	0.2240	0.0160	0.0590
0.0550	0.0950	0.0010	0.8410	0.3380	0.0310	0.0010	0.0010	0.4940	0.0830	0.3574	0.7380
0.6410	0.4110	0.9940	0.0770	0.0850	0.0110	0.0010	0.1050	0.1010	0.3900	0.1532	0.0820
>Brachyury T-box
0.0900	0.0200	0.3520	0.4420	0.0010	0.8590	0.1051	0.1710	0.2010	0.3470	0.2310	0.1160	0.0550	0.0010	0.1610	0.0800	0.9040	0.6030
0.2510	0.1100	0.4020	0.0650	0.9690	0.0010	0.4825	0.3320	0.2210	0.2210	0.1960	0.2920	0.0700	0.0250	0.3670	0.1960	0.0010	0.1010
0.0860	0.0010	0.1660	0.3470	0.0200	0.0850	0.3373	0.2210	0.2410	0.2260	0.3420	0.5020	0.0300	0.9590	0.0550	0.3520	0.0700	0.2060
0.5730	0.8690	0.0800	0.1460	0.0100	0.0550	0.0751	0.2760	0.3370	0.2060	0.2310	0.0900	0.8450	0.0150	0.4170	0.3720	0.0250	0.0900
>CArG MADS
0.0010	0.0010	0.5570	0.2883	0.7860	0.1698	0.6930	0.4050	0.0600	0.0030	0.2660	0.4130
0.9950	0.9470	0.0370	0.0140	0.0130	0.0480	0.0170	0.0030	0.0010	0.0010	0.3020	0.3410
0.0030	0.0010	0.0040	0.0170	0.0410	0.0120	0.0120	0.0170	0.9380	0.9930	0.2300	0.1040
0.0010	0.0510	0.4020	0.6807	0.1600	0.7702	0.2780	0.5750	0.0010	0.0030	0.2020	0.1420
>CEBP:CEBP bZIP
0.1080	0.0010	0.2020	0.9970	0.9670	0.0110	0.3810	0.2162	0.2680	0.3590	0.2620	0.0010	0.3620	0.9730	0.9830	0.0780
0.0460	0.0010	0.6730	0.0010	0.0010	0.3270	0.3620	0.2322	0.2320	0.2270	0.0160	0.0020	0.4620	0.0210	0.0010	0.2950
0.1460	0.9670	0.0010	0.0010	0.0310	0.1860	0.1190	0.3083	0.2680	0.1920	0.1240	0.9950	0.0080	0.0050	0.0010	0.1890
0.7000	0.0310	0.1240	0.0010	0.0010	0.4760	0.1380	0.2432	0.2320	0.2220	0.5980	0.0020	0.1680	0.0010	0.0150	0.4380
>CEBP bZIP
0.8112	0.0010	0.0010	0.1040	0.0761	0.1918	0.1020	0.9710	0.9930	0.0370
0.1019	0.0030	0.0010	0.0010	0.6246	0.0609	0.7570	0.0270	0.0010	0.6633
0.0609	0.0010	0.0260	0.7950	0.0551	0.6434	0.0030	0.0010	0.0050	0.1429
0.0260	0.9950	0.9720	0.1000	0.2442	0.1039	0.1380	0.0010	0.0010	0.1568
>CHR ?
0.2330	0.4080	0.1720	0.2830	0.0010	0.0120	0.0010	0.9970	0.9970	0.9860
0.4530	0.0510	0.0510	0.0730	0.0120	0.0010	0.6790	0.0010	0.0010	0.0120
0.3130	0.5400	0.5820	0.0350	0.0010	0.0010	0.1850	0.0010	0.0010	0.0010
0.0010	0.0010	0.1950	0.6090	0.9860	0.9860	0.1350	0.0010	0.0010	0.0010
>CTCF-SatelliteElement Zf?
0.0511	0.0030	0.0150	0.9350	0.2030	0.0230	0.2440	0.0490	0.0900	0.3730	0.3804	0.3030	0.3980	0.2930	0.0510	0.2747	0.2440	0.0410	0.0010	0.9280
0.0100	0.0050	0.9300	0.0080	0.0640	0.0230	0.0410	0.9050	0.7380	0.3290	0.2543	0.3140	0.1490	0.1570	0.3190	0.0569	0.0410	0.9510	0.9950	0.0030
0.0330	0.9910	0.0010	0.0010	0.7070	0.0180	0.1650	0.0130	0.0050	0.1360	0.2603	0.2080	0.1520	0.3780	0.0440	0.5166	0.6380	0.0030	0.0010	0.0150
0.9059	0.0010	0.0540	0.0560	0.0260	0.9360	0.5500	0.0330	0.1670	0.1620	0.1051	0.1750	0.3010	0.1720	0.5860	0.1518	0.0770	0.0050	0.0030	0.0540
>E2F E2F
0.0350	0.0010	0.0350	0.0010	0.0010	0.0010	0.0010	0.0010	0.8820	0.9290	0.9170	0.5300
0.2750	0.1690	0.5374	0.2740	0.9970	0.0010	0.5980	0.2390	0.0500	0.0010	0.0170	0.0840
0.1140	0.1060	0.4266	0.7240	0.0010	0.9970	0.4000	0.7590	0.0510	0.0690	0.0650	0.2640
0.5760	0.7240	0.0010	0.0010	0.0010	0.0010	0.0010	0.0010	0.0170	0.0010	0.0010	0.1220
>EBNA1 EBV-virus
0.0010	0.2350	0.2180	0.9970	0.0110	0.0070	0.6910	0.1810	0.3770	0.0370	0.2460	0.0010	0.0010	0.3830	0.0010	0.0010	0.1810
0.0010	0.0010	0.3900	0.0010	0.0010	0.6230	0.1740	0.2820	0.1220	0.1240	0.1960	0.9760	0.0010	0.0010	0.7600	0.9970	0.5550
0.9970	0.7630	0.0030	0.0010	0.9870	0.1440	0.1100	0.1070	0.2380	0.1300	0.5500	0.0010	0.0010	0.3630	0.0010	0.0010	0.0330
0.0010	0.0010	0.3890	0.0010	0.0010	0.2260	0.0250	0.4300	0.2630	0.7090	0.0080	0.0220	0.9970	0.2530	0.2380	0.0010	0.2310
>ETS:E-box ETS,bHLH
0.8950	0.0010	0.0010	0.9970	0.8890	0.5460	0.0010	0.9650	0.0140	0.3110	0.0530	0.0390
0.0320	0.0010	0.0010	0.0010	0.0030	0.0180	0.9970	0.0010	0.2090	0.6500	0.0230	0.0100
0.0720	0.9970	0.9970	0.0010	0.0320	0.4350	0.0010	0.0330	0.5730	0.0110	0.0160	0.8540
0.0010	0.0010	0.0010	0.0010	0.0760	0.0010	0.0010	0.0010	0.2040	0.0280	0.9080	0.0970
>ETS:RUNX ETS,Runt
0.4560	0.2308	0.9040	0.0010	0.0070	0.9970	0.4120	0.0010	0.0010	0.0010	0.0010	0.0010
0.1090	0.5055	0.0850	0.0010	0.0010	0.0010	0.0010	0.0010	0.0010	0.0010	0.0010	0.1918
0.3280	0.2627	0.0010	0.9970	0.9910	0.0010	0.0010	0.9970	0.0010	0.9970	0.9970	0.2627
0.1070	0.0010	0.0100	0.0010	0.0010	0.0010	0.5860	0.0010	0.9970	0.0010	0.0010	0.5445
>FOXA1:AR Forkhead,NR
0.5710	0.3430	0.0230	0.9510	0.9770	0.9970	0.0010	0.9460	0.4980	0.5036	0.5090	0.6126	0.6720	0.1510	0.4830	0.9680	0.0030	0.8870
0.0080	0.0280	0.4050	0.0470	0.0210	0.0010	0.6633	0.0030	0.1640	0.1638	0.1660	0.1071	0.0010	0.0010	0.1530	0.0010	0.9910	0.0010
0.1380	0.5980	0.0010	0.0010	0.0010	0.0010	0.0030	0.0100	0.1820	0.1768	0.1790	0.1141	0.2700	0.7780	0.0990	0.0050	0.0050	0.0010
0.2830	0.0310	0.5710	0.0010	0.0010	0.0010	0.3327	0.0410	0.1560	0.1558	0.1460	0.1662	0.0570	0.0700	0.2650	0.0260	0.0010	0.1110
>FXR NR
0.5315	0.0640	0.0250	0.0600	0.0050	0.9070	0.2620	0.0270	0.0539	0.6215	0.1280	0.0530	0.0530
0.0671	0.0010	0.0130	0.1510	0.8592	0.0280	0.2230	0.0660	0.0759	0.1602	0.8360	0.8900	0.3380
0.3604	0.8620	0.8350	0.1670	0.0789	0.0410	0.2600	0.0350	0.8622	0.1522	0.0130	0.0010	0.0720
0.0410	0.0730	0.1270	0.6220	0.0569	0.0240	0.2550	0.8720	0.0080	0.0661	0.0230	0.0560	0.5370
>FoxD3 forkhead
0.0730	0.0550	0.0010	0.0010	0.0090	0.5490	0.0280	0.1900	0.0560	0.6280	0.1970	0.1230
0.0010	0.0090	0.0010	0.0010	0.0090	0.1100	0.4320	0.0680	0.1410	0.0010	0.0460	0.6020
0.0180	0.8950	0.0080	0.0010	0.2190	0.1640	0.0370	0.0830	0.0650	0.0550	0.6830	0.1710
0.9080	0.0410	0.9900	0.9970	0.7630	0.1770	0.5030	0.6590	0.7380	0.3160	0.0740	0.1040
>Foxh1 Forkhead
0.1760	0.0010	0.0010	0.0010	0.0010	0.9970	0.1380	0.0010
0.1050	0.0010	0.1140	0.0010	0.0010	0.0010	0.0400	0.0510
0.0640	0.9970	0.0010	0.8090	0.7020	0.0010	0.0210	0.0010
0.6550	0.0010	0.8840	0.1890	0.2960	0.0010	0.8010	0.9470
>GATA Zf
0.6140	0.0010	0.9970	0.0010	0.3820	0.3080	0.1840	0.2790	0.9970	0.0010	0.0010	0.3810
0.0010	0.0010	0.0010	0.0010	0.1890	0.2090	0.2800	0.1860	0.0010	0.0010	0.9970	0.0010
0.0010	0.9970	0.0010	0.0010	0.1830	0.2970	0.2020	0.2340	0.0010	0.0010	0.0010	0.0010
0.3840	0.0010	0.0010	0.9970	0.2460	0.1860	0.3340	0.3010	0.0010	0.9970	0.0010	0.6170
>GATA3 Zf
0.8170	0.0010	0.9810	0.0010	0.0270	0.2270	0.3010	0.2272	0.8360	0.0010	0.9970	0.0010	0.8720	0.6370
0.0010	0.0010	0.0170	0.0010	0.2450	0.1450	0.1270	0.2002	0.0010	0.0010	0.0010	0.0010	0.0010	0.0010
0.0010	0.9970	0.0010	0.0010	0.5380	0.2460	0.3360	0.3824	0.0010	0.9970	0.0010	0.0010	0.0010	0.2720
0.1810	0.0010	0.0010	0.9970	0.1900	0.3820	0.2360	0.1902	0.1620	0.0010	0.0010	0.9970	0.1260	0.0900
>GATA3 Zf
0.7780	0.0010	0.9970	0.0010	0.0010	0.1858	0.2400	0.3420	0.3360	0.3110	0.3120	0.0540	0.6830	0.0010	0.9970	0.0010	0.6890	0.4985
0.0010	0.0010	0.0010	0.0010	0.3470	0.1079	0.3050	0.1260	0.2030	0.3120	0.1250	0.5020	0.0010	0.0010	0.0010	0.0010	0.0010	0.0240
0.0010	0.9970	0.0010	0.0010	0.4190	0.2687	0.2450	0.2570	0.2700	0.1790	0.2870	0.4200	0.0010	0.9970	0.0010	0.0010	0.0770	0.3343
0.2200	0.0010	0.0010	0.9970	0.2330	0.4376	0.2100	0.2750	0.1910	0.1980	0.2760	0.0240	0.3150	0.0010	0.0010	0.9970	0.2330	0.1431
>GFY ?
0.7700	0.0430	0.0779	0.6590	0.0640	0.7780	0.6293	0.0750	0.0390	0.0410	0.0260	0.0519
0.1020	0.8740	0.1239	0.1580	0.8520	0.1100	0.1169	0.1760	0.0951	0.8431	0.9180	0.8741
0.0680	0.0470	0.0480	0.1130	0.0490	0.0740	0.1219	0.1210	0.0731	0.0430	0.0270	0.0260
0.0600	0.0360	0.7502	0.0700	0.0350	0.0380	0.1319	0.6280	0.7928	0.0729	0.0290	0.0480
>GLIS3 Zf
0.1050	0.1980	0.0280	0.0660	0.0010	0.0620	0.3120	0.0010	0.0010	0.5250	0.0010	0.1550	0.0010	0.2380
0.6130	0.1760	0.6690	0.5700	0.7270	0.3860	0.0010	0.0010	0.0010	0.0010	0.0010	0.0010	0.4620	0.5270
0.2570	0.1520	0.1470	0.0010	0.2670	0.0010	0.6280	0.9000	0.9970	0.2760	0.9970	0.8080	0.2380	0.1430
0.0250	0.4740	0.1560	0.3630	0.0050	0.5510	0.0590	0.0980	0.0010	0.1980	0.0010	0.0360	0.2990	0.0920
>GRHL2 CP2
0.5280	0.7370	0.7380	0.0010	0.2020	0.2547	0.0010	0.1800	0.2140	0.2980	0.3704	0.4525	0.0010	0.3210	0.4086	0.0030	0.1550	0.0970	0.1260
0.1140	0.0310	0.0090	0.9160	0.4460	0.0110	0.0010	0.2210	0.2560	0.1710	0.0501	0.0320	0.9750	0.4170	0.0060	0.1610	0.1430	0.1650	0.2510
0.2440	0.1490	0.1300	0.0820	0.0020	0.4076	0.9970	0.0110	0.0210	0.1220	0.2713	0.2478	0.0040	0.0090	0.3826	0.8310	0.0300	0.0550	0.1210
0.1140	0.0830	0.1230	0.0010	0.3500	0.3267	0.0010	0.5880	0.5090	0.4090	0.3083	0.2677	0.0200	0.2530	0.2028	0.0050	0.6720	0.6830	0.5020
>Gfi1b Zf
0.4304	0.9970	0.9900	0.0010	0.0010	0.5666	0.0180	0.3930	0.0030	0.0180
0.3894	0.0010	0.0080	0.0310	0.9970	0.0190	0.7240	0.0010	0.0010	0.8901
0.1021	0.0010	0.0010	0.0220	0.0010	0.0010	0.2570	0.0530	0.9950	0.0010
0.0781	0.0010	0.0010	0.9460	0.0010	0.4134	0.0010	0.5530	0.0010	0.0909
>HINFP Zf
0.0660	0.3440	0.2292	0.0010	0.0010	0.0230	0.0010	0.0010	0.0010	0.0470
0.2790	0.1120	0.3193	0.3580	0.0190	0.0010	0.9970	0.9970	0.0010	0.7980
0.1370	0.1790	0.3243	0.6400	0.9790	0.0450	0.0010	0.0010	0.9670	0.1270
0.5180	0.3650	0.1271	0.0010	0.0010	0.9310	0.0010	0.0010	0.0310	0.0280
>Hand2 bHLH
0.2580	0.0170	0.9890	0.1180	0.6050	0.2920	0.5520	0.4400	0.3910	0.1810	0.0010	0.9970	0.0010	0.5010
0.0020	0.0100	0.0020	0.4130	0.0070	0.2460	0.0200	0.0810	0.1770	0.5900	0.9970	0.0010	0.0010	0.1080
0.1350	0.9580	0.0070	0.2480	0.3440	0.2800	0.1280	0.3070	0.2650	0.2280	0.0010	0.0010	0.9970	0.3690
0.6050	0.0150	0.0020	0.2210	0.0440	0.1820	0.3000	0.1720	0.1670	0.0010	0.0010	0.0010	0.0010	0.0220
>IRF4 IRF
0.0310	0.0060	0.9640	0.8150	0.9530	0.0200	0.1040
0.2910	0.0400	0.0340	0.0010	0.0060	0.6800	0.6110
0.0830	0.9220	0.0010	0.0420	0.0010	0.2480	0.0120
0.5950	0.0320	0.0010	0.1420	0.0400	0.0520	0.2730
>KLF10 Zf
0.1520	0.0750	0.0300	0.0010	0.0010	0.0010	0.0010	0.0010	0.0010	0.0610	0.0560	0.0800
0.0600	0.0010	0.0010	0.0010	0.0010	0.2300	0.0010	0.0010	0.0010	0.0010	0.6710	0.5880
0.7870	0.6780	0.9390	0.9620	0.9970	0.0010	0.9970	0.0100	0.9970	0.3140	0.1780	0.0980
0.0010	0.2460	0.0300	0.0360	0.0010	0.7680	0.0010	0.9880	0.0010	0.6240	0.0950	0.2340
>LRF Zf
0.5700	0.4765	0.0010	0.6400	0.0010	0.0010	0.0010	0.0010
0.0580	0.2783	0.0010	0.3580	0.9970	0.9970	0.9970	0.5470
0.3710	0.2442	0.9970	0.0010	0.0010	0.0010	0.0010	0.0010
0.0010	0.0010	0.0010	0.0010	0.0010	0.0010	0.0010	0.4510
>MITF bHLH
0.3320	0.0840	0.0010	0.5420	0.0120	0.1230	0.0810	0.0010	0.7390	0.0230
0.1380	0.2020	0.9900	0.0930	0.3660	0.0260	0.0110	0.0010	0.0400	0.7640
0.4320	0.1600	0.0080	0.1300	0.0260	0.8500	0.0910	0.9900	0.1560	0.0390
0.0980	0.5540	0.0010	0.2350	0.5960	0.0010	0.8170	0.0080	0.0650	0.1740
>MYNN Zf
0.1250	0.2190	0.1410	0.4540	0.5930	0.5000	0.4226	0.0160	0.9680	0.8750	0.7030	0.9680	0.0010	0.0470	0.0630
0.0780	0.2500	0.5000	0.1710	0.1100	0.2650	0.0779	0.0470	0.0300	0.0010	0.0010	0.0010	0.0010	0.2980	0.7180
0.2810	0.1250	0.1560	0.1560	0.1720	0.0940	0.1868	0.0160	0.0010	0.1090	0.2340	0.0160	0.9970	0.0470	0.0310
0.5160	0.4060	0.2030	0.2190	0.1250	0.1410	0.3127	0.9210	0.0010	0.0150	0.0620	0.0150	0.0010	0.6080	0.1880
>Maz Zf
0.0090	0.0010	0.1320	0.1900	0.0900	0.0470	0.0420	0.0010
0.0010	0.0010	0.0820	0.1490	0.0610	0.0580	0.0010	0.0010
0.9890	0.9970	0.7020	0.6070	0.8480	0.8940	0.9560	0.9970
0.0010	0.0010	0.0840	0.0540	0.0010	0.0010	0.0010	0.0010
>Mouse_Recombination_Hotspot Zf
0.4820	0.2570	0.1070	0.0360	0.2248	0.3310	0.6760	0.0370	0.0050	0.0090	0.1990	0.3190	0.0010	0.2118	0.0300	0.5590	0.0080	0.0320	0.0300	0.2500
0.1090	0.5350	0.2560	0.5270	0.1558	0.2870	0.0800	0.1460	0.0100	0.6130	0.1700	0.0010	0.0010	0.2717	0.0530	0.0260	0.9640	0.0750	0.0710	0.4270
0.2290	0.0880	0.0010	0.0550	0.2378	0.1970	0.1620	0.3140	0.0060	0.0010	0.4380	0.0570	0.9970	0.2617	0.0180	0.3720	0.0020	0.0010	0.0300	0.0600
0.1800	0.1200	0.6360	0.3820	0.3816	0.1850	0.0820	0.5030	0.9790	0.3770	0.1930	0.6230	0.0010	0.2547	0.8990	0.0430	0.0260	0.8920	0.8690	0.2630
>NF1:FOXA1 CTF,Forkhead
0.0749	0.2560	0.0240	0.0010	0.0350	0.4895	0.1250	0.1069	0.0010	0.0210	0.0010	0.0010	0.1259	0.6160
0.0010	0.0080	0.0310	0.0010	0.0010	0.0170	0.3540	0.2597	0.0930	0.0010	0.0010	0.0090	0.8601	0.1120
0.0010	0.7320	0.0010	0.1210	0.2182	0.3566	0.0630	0.0470	0.0010	0.0010	0.9900	0.9840	0.0070	0.0020
0.9231	0.0040	0.9440	0.8770	0.7458	0.1369	0.4580	0.5864	0.9050	0.9770	0.0080	0.0060	0.0070	0.2700
>NFAT:AP1 RHD,bZIP
0.1940	0.0110	0.0040	0.9240	0.9400	0.8010	0.5220	0.4555	0.3746	0.0610	0.0470	0.8170	0.1050	0.1170	0.1620	0.7210
0.0370	0.0010	0.0010	0.0240	0.0010	0.0540	0.1650	0.0519	0.2048	0.0360	0.0430	0.0220	0.3240	0.0690	0.6300	0.0560
0.0940	0.9870	0.9940	0.0430	0.0520	0.0960	0.2020	0.0889	0.2917	0.0240	0.7880	0.0500	0.5030	0.0670	0.1230	0.0940
0.6750	0.0010	0.0010	0.0090	0.0070	0.0490	0.1110	0.4036	0.1289	0.8790	0.1220	0.1110	0.0680	0.7470	0.0850	0.1290
>NFAT RHD
0.5385	0.0581	0.0010	0.0010	0.0010	0.0010	0.0010	0.9250	0.0310	0.0810
0.0290	0.1652	0.0010	0.0010	0.0010	0.9970	0.9970	0.0010	0.3580	0.2540
0.0609	0.2372	0.0300	0.0010	0.0010	0.0010	0.0010	0.0730	0.0590	0.1390
0.3716	0.5395	0.9680	0.9970	0.9970	0.0010	0.0010	0.0010	0.5520	0.5260
>NFY CCAAT
0.4740	0.2280	0.0010	0.0010	0.9970	0.9970	0.0010	0.0810	0.4600	0.1069
0.0490	0.0490	0.9970	0.9970	0.0010	0.0010	0.0010	0.4930	0.0410	0.1788
0.4670	0.6690	0.0010	0.0010	0.0010	0.0010	0.0010	0.3990	0.4980	0.6953
0.0100	0.0540	0.0010	0.0010	0.0010	0.0010	0.9970	0.0270	0.0010	0.0190
>NFkB-p50,p52 RHD
0.1380	0.0729	0.0580	0.0420	0.0990	0.8180	0.6830	0.1550	0.0010	0.0210	0.0010	0.0540
0.0910	0.0350	0.0010	0.0010	0.0440	0.0300	0.0550	0.0340	0.8030	0.9570	0.9620	0.9020
0.6820	0.8392	0.9180	0.9560	0.8560	0.1510	0.1600	0.0900	0.0930	0.0010	0.0010	0.0330
0.0890	0.0529	0.0230	0.0010	0.0010	0.0010	0.1020	0.7210	0.1030	0.0210	0.0360	0.0110
>Nanog Homeobox
0.4010	0.0850	0.0260	0.3017	0.9181	0.0010	0.0010	0.7360	0.5800	0.1820
0.0240	0.2830	0.7620	0.6183	0.0190	0.0030	0.3640	0.1160	0.1150	0.4770
0.4890	0.5720	0.0160	0.0350	0.0110	0.0010	0.0030	0.0360	0.2400	0.2270
0.0860	0.0600	0.1960	0.0450	0.0519	0.9950	0.6320	0.1120	0.0650	0.1140
>Nur77 NR
0.0010	0.1770	0.9970	0.0010	0.0880	0.0010	0.0010	0.0010	0.3083	0.2090
0.0010	0.0010	0.0010	0.9970	0.9100	0.0010	0.0010	0.0010	0.3003	0.5350
0.0010	0.8210	0.0010	0.0010	0.0010	0.0010	0.0010	0.0010	0.1672	0.1220
0.9970	0.0010	0.0010	0.0010	0.0010	0.9970	0.9970	0.9970	0.2242	0.1340
>Oct4:Sox17 POU,Homeobox,HMG
0.0780	0.0880	0.7100	0.0020	0.0010	0.0130	0.0480	0.6790	0.0030	0.0030	0.0400	0.7260	0.5140	0.6930
0.4960	0.6560	0.0160	0.0010	0.0010	0.0420	0.0060	0.0620	0.0030	0.0100	0.7690	0.0130	0.0650	0.1000
0.2080	0.0490	0.0010	0.0010	0.0010	0.9440	0.0010	0.1620	0.0010	0.7830	0.0580	0.0010	0.2300	0.1100
0.2180	0.2070	0.2730	0.9960	0.9970	0.0010	0.9450	0.0970	0.9930	0.2040	0.1330	0.2600	0.1910	0.0970
>PAX3:FKHR-fusion Paired,Homeobox
0.5884	0.0030	0.0010	0.4720	0.0180	0.1942	0.7828	0.0870	0.2220	0.9580	0.9970	0.0911	0.0600
0.0519	0.5950	0.7460	0.0060	0.0010	0.0030	0.0150	0.9110	0.1010	0.0020	0.0010	0.0220	0.2130
0.1459	0.4010	0.0010	0.5050	0.0750	0.7878	0.1021	0.0010	0.0250	0.0390	0.0010	0.0180	0.1950
0.2138	0.0010	0.2520	0.0170	0.9060	0.0150	0.1001	0.0010	0.6520	0.0010	0.0010	0.8689	0.5320
>PAX5 Paired,Homeobox
0.0010	0.0240	0.0010	0.9780	0.0140	0.1940	0.0010	0.1490	0.0620	0.1280	0.1572	0.0050	0.0050	0.4484
0.0090	0.0550	0.9790	0.0010	0.8030	0.0500	0.5900	0.1710	0.5340	0.3680	0.4775	0.0330	0.0330	0.3844
0.9710	0.0010	0.0010	0.0140	0.0100	0.7550	0.4080	0.0240	0.1780	0.3450	0.2563	0.0310	0.9380	0.1662
0.0190	0.9200	0.0190	0.0070	0.1730	0.0010	0.0010	0.6560	0.2260	0.1590	0.1091	0.9310	0.0240	0.0010
>PAX6 Paired,Homeobox
0.2640	0.3160	0.1570	0.0010	0.1170	0.8630	0.2340	0.0010	0.0010	0.8110	0.5200	0.0010	0.0010	0.3420	0.0490	0.6570	0.7560	0.5010
0.0590	0.0190	0.2340	0.1850	0.6670	0.0010	0.3640	0.1850	0.5570	0.0010	0.0010	0.1750	0.7460	0.0010	0.0680	0.0010	0.1660	0.1370
0.2470	0.6550	0.2180	0.3050	0.0010	0.1170	0.2840	0.0010	0.4230	0.1870	0.1660	0.8230	0.0090	0.6090	0.4620	0.3030	0.0100	0.2740
0.4300	0.0100	0.3910	0.5090	0.2150	0.0190	0.1180	0.8130	0.0190	0.0010	0.3130	0.0010	0.2440	0.0480	0.4210	0.0390	0.0680	0.0880
>PRDM10 Zf
0.0460	0.0070	0.0380	0.1530	0.4600	0.0310	0.6190	0.0820	0.1130	0.0020	0.0020	0.6650
0.0010	0.0040	0.0070	0.0810	0.1390	0.5510	0.1700	0.1020	0.1790	0.9920	0.9720	0.1050
0.0260	0.9830	0.9510	0.1650	0.1400	0.1880	0.0230	0.2740	0.0980	0.0040	0.0020	0.0130
0.9270	0.0060	0.0040	0.6010	0.2610	0.2300	0.1880	0.5420	0.6100	0.0020	0.0240	0.2170
>PRDM14 Zf
0.5100	0.0270	0.0120	0.0750	0.0060	0.0561	0.0010	0.0010	0.9970	0.7650	0.0650	0.1300
0.0110	0.0210	0.0330	0.0120	0.9240	0.2733	0.8328	0.0010	0.0010	0.0340	0.5870	0.4170
0.3800	0.9430	0.9080	0.1550	0.0200	0.0010	0.0811	0.0010	0.0010	0.0270	0.2240	0.0720
0.0990	0.0090	0.0470	0.7580	0.0500	0.6696	0.0851	0.9970	0.0010	0.1740	0.1240	0.3810
>PRDM15 Zf
0.0699	0.0800	0.1300	0.3624	0.1792	0.1491	0.0010	0.0090	0.6600	0.0010	0.1530	0.0800	0.0010	0.0010	0.0010
0.4386	0.6800	0.5410	0.1692	0.2893	0.1291	0.9690	0.9890	0.0010	0.0920	0.1000	0.1630	0.2000	0.0090	0.0090
0.0899	0.0700	0.1400	0.2192	0.3023	0.2492	0.0010	0.0010	0.2490	0.7480	0.7270	0.1400	0.0100	0.0010	0.0010
0.4016	0.1700	0.1890	0.2492	0.2292	0.4725	0.0290	0.0010	0.0900	0.1590	0.0200	0.6170	0.7890	0.9890	0.9890
>PRDM9 Zf
0.2180	0.3080	0.0819	0.7920	0.1000	0.0410	0.8900	0.1120	0.0010	0.5770	0.0340	0.0040	0.3300
0.0050	0.0470	0.4545	0.0010	0.0230	0.5020	0.0030	0.1380	0.9960	0.0450	0.2180	0.9790	0.1250
0.6760	0.6050	0.0150	0.1890	0.8680	0.0070	0.0940	0.5330	0.0010	0.0010	0.2600	0.0060	0.0030
0.1010	0.0400	0.4486	0.0180	0.0090	0.4500	0.0130	0.2170	0.0020	0.3770	0.4880	0.0110	0.5420
>PSE SNAPc
0.5890	0.2690	0.0900	0.1680	0.7690	0.1020	0.0640	0.4740	0.0380	0.5620	0.7690	0.0510	0.0260	0.3200	0.4995	0.6550	0.6930	0.4480	0.3090
0.0900	0.2960	0.2820	0.5130	0.0260	0.7820	0.8590	0.4490	0.2180	0.1420	0.0390	0.3210	0.4480	0.1150	0.0260	0.1020	0.2160	0.1280	0.0380
0.1790	0.3200	0.0890	0.0770	0.2040	0.0010	0.0010	0.0510	0.0260	0.1670	0.0770	0.4100	0.1020	0.2190	0.1419	0.1020	0.0260	0.1290	0.5890
0.1420	0.1150	0.5390	0.2420	0.0010	0.1150	0.0760	0.0260	0.7180	0.1290	0.1150	0.2180	0.4240	0.3460	0.3327	0.1410	0.0650	0.2950	0.0640
>Pax7 Paired,Homeobox
0.2550	0.9840	0.9970	0.0010	0.0010	0.9490	0.9760	0.0010	0.0010	0.8190
0.0500	0.0010	0.0010	0.0160	0.9540	0.0390	0.0010	0.0010	0.0240	0.0300
0.0870	0.0140	0.0010	0.0010	0.0010	0.0110	0.0220	0.0010	0.0040	0.0140
0.6080	0.0010	0.0010	0.9820	0.0440	0.0010	0.0010	0.9970	0.9710	0.1370
>Pax7 Paired,Homeobox
0.1360	0.9280	0.9900	0.0070	0.0010	0.4076	0.1598	0.2190	0.2440	0.8730	0.9740	0.0010	0.0010	0.6720
0.1710	0.0080	0.0010	0.0010	0.1000	0.0150	0.1938	0.4400	0.2960	0.0510	0.0010	0.0010	0.0480	0.0010
0.0100	0.0600	0.0010	0.0010	0.0830	0.3117	0.4376	0.1950	0.0240	0.0750	0.0010	0.0010	0.0030	0.2040
0.6830	0.0040	0.0080	0.9910	0.8160	0.2657	0.2088	0.1460	0.4360	0.0010	0.0240	0.9970	0.9480	0.1230
>Pitx1:Ebox Homeobox,bHLH
0.3180	0.6940	0.9950	0.1470	0.1820	0.4110	0.3956	0.4765	0.4416	0.3063	0.0110	0.9830	0.0390	0.5890	0.0300	0.0190	0.0930
0.0700	0.0430	0.0030	0.1550	0.1630	0.1780	0.1818	0.1009	0.1129	0.4735	0.9870	0.0010	0.2010	0.2830	0.0010	0.0190	0.1820
0.0970	0.1780	0.0010	0.0970	0.1780	0.2870	0.1938	0.0779	0.0739	0.1161	0.0010	0.0010	0.5390	0.1160	0.0010	0.7950	0.2440
0.5150	0.0850	0.0010	0.6010	0.4770	0.1240	0.2288	0.3447	0.3716	0.1041	0.0010	0.0150	0.2210	0.0120	0.9680	0.1670	0.4810
>RAR:RXR NR
0.5090	0.0190	0.0010	0.0010	0.0010	0.9210	0.2160	0.2352	0.1960	0.4120	0.2360	0.7440	0.0380	0.0010	0.0790	0.0010	0.9970
0.0010	0.0010	0.0010	0.0580	0.8230	0.0010	0.1570	0.2553	0.3140	0.1960	0.2550	0.0010	0.0010	0.0010	0.1170	0.8820	0.0010
0.4890	0.9610	0.8030	0.1170	0.1370	0.0390	0.3530	0.3133	0.2740	0.1570	0.4310	0.2540	0.9600	0.7640	0.1770	0.1160	0.0010
0.0010	0.0190	0.1950	0.8240	0.0390	0.0390	0.2740	0.1962	0.2160	0.2350	0.0780	0.0010	0.0010	0.2340	0.6270	0.0010	0.0010
>RBPJ:Ebox ?,bHLH
0.0920	0.0010	0.1250	0.5510	0.9000	0.5960	0.3784	0.3450	0.2480	0.2720	0.3030	0.0750	0.9260	0.0190	0.4230	0.1650	0.0010
0.0050	0.0020	0.0010	0.0310	0.0190	0.1370	0.2102	0.1840	0.1700	0.2320	0.4420	0.9220	0.0010	0.0850	0.4200	0.0010	0.0190
0.5670	0.9340	0.8390	0.4090	0.0800	0.2030	0.3263	0.3550	0.4140	0.4040	0.2530	0.0020	0.0010	0.6240	0.1560	0.0210	0.9260
0.3360	0.0630	0.0350	0.0090	0.0010	0.0640	0.0851	0.1160	0.1680	0.0920	0.0020	0.0010	0.0720	0.2720	0.0010	0.8130	0.0540
>REST-NRSF Zf
0.1120	0.0619	0.4476	0.1080	0.0060	0.0020	0.0480	0.0380	0.0010	0.0010	0.5784	0.1650	0.0410	0.0010	0.0020	0.0660	0.0100	0.0120	0.0400	0.7610
0.0190	0.1299	0.3027	0.0660	0.9660	0.0020	0.1210	0.0140	0.9850	0.9800	0.0799	0.0860	0.0080	0.0020	0.0030	0.1590	0.9530	0.0200	0.0130	0.0750
0.7710	0.7153	0.0370	0.7170	0.0070	0.0010	0.8220	0.0650	0.0010	0.0010	0.2118	0.1250	0.9320	0.9960	0.0010	0.7010	0.0140	0.0100	0.9140	0.1350
0.0980	0.0929	0.2128	0.1090	0.0210	0.9950	0.0090	0.8830	0.0130	0.0180	0.1299	0.6240	0.0190	0.0010	0.9940	0.0740	0.0230	0.9580	0.0330	0.0290
>Rbpj1 ?
0.1600	0.0010	0.0060	0.0010	0.0620	0.0010	0.9920	0.0510	0.2590
0.1050	0.0600	0.0010	0.9970	0.8000	0.9970	0.0010	0.4620	0.1070
0.2350	0.0010	0.0010	0.0010	0.0010	0.0010	0.0010	0.3230	0.6110
0.5000	0.9380	0.9920	0.0010	0.1370	0.0010	0.0060	0.1640	0.0230
>Reverb NR
0.1019	0.1051	0.5394	0.0941	0.0120	0.0220	0.0320	0.9360	0.0120	0.0559	0.2310	0.0859	0.0250	0.1470	0.0110	0.8659
0.2997	0.1552	0.0110	0.0070	0.0250	0.0290	0.9270	0.0110	0.5110	0.0629	0.0040	0.0010	0.0400	0.1020	0.8950	0.0330
0.4635	0.1391	0.4286	0.8418	0.9340	0.1359	0.0120	0.0040	0.4040	0.0709	0.7610	0.7583	0.9320	0.1440	0.0520	0.0350
0.1349	0.6006	0.0210	0.0571	0.0290	0.8131	0.0290	0.0490	0.0730	0.8103	0.0040	0.1548	0.0030	0.6070	0.0420	0.0661
>SCRT1 Zf
0.0400	0.0010	0.8470	0.9930	0.0010	0.9970	0.0640	0.0100	0.0080	0.0600
0.0490	0.9790	0.0810	0.0010	0.9970	0.0010	0.0050	0.0010	0.0090	0.0480
0.7350	0.0070	0.0310	0.0010	0.0010	0.0010	0.9220	0.9800	0.0010	0.8250
0.1760	0.0130	0.0410	0.0050	0.0010	0.0010	0.0090	0.0090	0.9820	0.0670
>T1ISRE IRF
0.9240	0.0010	0.0010	0.0010	0.0010	0.0010	0.2150	0.0010	0.0010	0.0010	0.0520	0.0010
0.0390	0.8560	0.0010	0.0010	0.0010	0.8980	0.0010	0.0010	0.0010	0.0590	0.7990	0.1069
0.0360	0.1420	0.0010	0.0010	0.0010	0.0520	0.7830	0.0010	0.0010	0.0010	0.0010	0.0460
0.0010	0.0010	0.9970	0.9970	0.9970	0.0490	0.0010	0.9970	0.9970	0.9390	0.1480	0.8461
>TATA-Box TBP
0.0250	0.0060	0.0910	0.0010	0.2970	0.2340	0.9640	0.3510	0.7047	0.0420	0.1782	0.1170
0.6060	0.8500	0.1250	0.0480	0.0010	0.0010	0.0340	0.0010	0.0090	0.2000	0.3554	0.5100
0.2830	0.0040	0.0010	0.0010	0.0010	0.0010	0.0010	0.1720	0.2853	0.7160	0.3283	0.3040
0.0860	0.1400	0.7830	0.9500	0.7010	0.7640	0.0010	0.4760	0.0010	0.0420	0.1381	0.0690
>Tbox:Smad T-box,MAD
0.5150	0.3140	0.0070	0.0650	0.0010	0.3007	0.0660	0.9970	0.0010	0.8560	0.0010	0.5430
0.0560	0.0570	0.1360	0.0590	0.0010	0.3237	0.6530	0.0010	0.0010	0.0690	0.9970	0.0830
0.2450	0.5010	0.7950	0.0140	0.9970	0.1419	0.1870	0.0010	0.9970	0.0010	0.0010	0.1270
0.1840	0.1280	0.0620	0.8620	0.0010	0.2338	0.0940	0.0010	0.0010	0.0740	0.0010	0.2470
>YY1 Zf
0.1020	0.9970	0.9950	0.1470	0.9970	0.0010	0.0010	0.0010	0.0010	0.0570	0.0450	0.0969
0.6960	0.0010	0.0010	0.1600	0.0010	0.0010	0.0010	0.0010	0.9800	0.0750	0.0040	0.8511
0.1700	0.0010	0.0030	0.6610	0.0010	0.0010	0.9970	0.9970	0.0010	0.8150	0.9420	0.0130
0.0320	0.0010	0.0010	0.0320	0.0010	0.9970	0.0010	0.0010	0.0180	0.0530	0.0090	0.0390
>ZBED2 Zf
0.4356	0.0160	0.0550	0.0030	0.0010	0.0020	0.0110
0.0200	0.0410	0.0260	0.0010	0.0390	0.9960	0.0170
0.4995	0.9250	0.3810	0.0010	0.0010	0.0010	0.8910
0.0450	0.0180	0.5380	0.9950	0.9590	0.0010	0.0810
>ZBTB12 Zf
0.2520	0.3077	0.0520	0.0100	0.0420	0.7930	0.0160	0.8670	0.6990	0.0320	0.1910
0.1390	0.2228	0.2010	0.9380	0.1290	0.0130	0.0030	0.0520	0.0680	0.8940	0.5630
0.5180	0.2008	0.0780	0.0260	0.0360	0.1810	0.9780	0.0450	0.1230	0.0320	0.0650
0.0910	0.2687	0.6690	0.0260	0.7930	0.0130	0.0030	0.0360	0.1100	0.0420	0.1810
>ZBTB18 Zf
0.6200	0.8130	0.0010	0.9330	0.0010	0.0010	0.0010	0.0010	0.0140	0.4920
0.3220	0.0010	0.9680	0.0650	0.0010	0.9680	0.0010	0.0010	0.0990	0.2520
0.0460	0.1850	0.0300	0.0010	0.2340	0.0300	0.0010	0.9970	0.7430	0.2420
0.0120	0.0010	0.0010	0.0010	0.7640	0.0010	0.9970	0.0010	0.1440	0.0140
>ZFP3 Zf
0.0410	0.0820	0.0010	0.0010	0.1240	0.0010	0.0010	0.0400	0.5850	0.6250	0.0010	0.0840	0.6270	0.0010	0.0830	0.6220	0.5410	0.0010	0.9970	0.0820	0.0010	0.9970	0.0010	0.0010	0.0010
0.0010	0.0010	0.0010	0.2900	0.1660	0.2070	0.0010	0.0010	0.2490	0.0010	0.0010	0.0820	0.0010	0.0010	0.0010	0.1680	0.0010	0.0010	0.0010	0.0010	0.0010	0.0010	0.0010	0.0820	0.0010
0.9570	0.9160	0.9580	0.0010	0.0830	0.0010	0.0400	0.9580	0.0010	0.3330	0.9970	0.8330	0.2490	0.0010	0.9150	0.0410	0.4570	0.0010	0.0010	0.9160	0.9970	0.0010	0.9970	0.0010	0.0010
0.0010	0.0010	0.0400	0.7080	0.6270	0.7910	0.9580	0.0010	0.1650	0.0410	0.0010	0.0010	0.1230	0.9970	0.0010	0.1690	0.0010	0.9970	0.0010	0.0010	0.0010	0.0010	0.0010	0.9160	0.9970
>ZKSCAN1 Zf
0.1540	0.0760	0.5660	0.0010	0.5140	0.0010	0.9740	0.0010	0.0010	0.9200	0.0010	0.0010
0.0770	0.7450	0.0760	0.9220	0.1530	0.4100	0.0010	0.0010	0.0010	0.0010	0.0010	0.0010
0.6420	0.0010	0.3330	0.0760	0.2300	0.0500	0.0240	0.9480	0.0010	0.0780	0.9970	0.9970
0.1270	0.1780	0.0250	0.0010	0.1030	0.5390	0.0010	0.0500	0.9970	0.0010	0.0010	0.0010
>ZNF136 Zf
0.1770	0.0809	0.1780	0.5170	0.0640	0.5090	0.3796	0.8230	0.1610	0.1460	0.8150	0.0240	0.0240	0.0650	0.1370	0.2660	0.2820	0.0240	0.0970	0.2420	0.1780	0.1860	0.2020	0.7820
0.1050	0.0969	0.1290	0.0160	0.3470	0.1450	0.2498	0.0010	0.1290	0.1290	0.1050	0.0480	0.0970	0.6120	0.1940	0.2100	0.0010	0.0320	0.2100	0.2010	0.0400	0.1450	0.5880	0.0730
0.0970	0.4755	0.5480	0.3460	0.0810	0.0400	0.0160	0.0960	0.6540	0.1210	0.0560	0.0490	0.1850	0.0080	0.1210	0.1130	0.5240	0.9360	0.0160	0.3470	0.4680	0.5000	0.0490	0.0810
0.6210	0.3467	0.1450	0.1210	0.5080	0.3060	0.3546	0.0800	0.0560	0.6040	0.0240	0.8790	0.6940	0.3150	0.5480	0.4110	0.1930	0.0080	0.6770	0.2100	0.3140	0.1690	0.1610	0.0640
>ZNF143|STAF Zf
0.5360	0.2630	0.0630	0.1820	0.0010	0.0010	0.0010	0.9360	0.0420	0.3670	0.8040	0.0780	0.0280	0.0010	0.2338
0.1800	0.1770	0.3400	0.0520	0.9970	0.9970	0.9970	0.0010	0.1140	0.3070	0.0450	0.0220	0.3804	0.9970	0.3856
0.1480	0.1350	0.0870	0.0110	0.0010	0.0010	0.0010	0.0590	0.5270	0.3130	0.1480	0.4100	0.4845	0.0010	0.0150
0.1360	0.4250	0.5100	0.7550	0.0010	0.0010	0.0010	0.0040	0.3170	0.0130	0.0030	0.4900	0.1071	0.0010	0.3656
>ZNF16 Zf
0.5190	0.7580	0.0010	0.0010	0.1720	0.0690	0.0010	0.2070	0.7920	0.0010	0.0690	0.0670	0.0010	0.0010	0.0010	0.0010	0.0010	0.0680	0.8960	0.0010	0.0010	0.1040	0.0340	0.0680	0.0691
0.3770	0.1040	0.8260	0.9300	0.2410	0.0350	0.9650	0.4140	0.0350	0.0010	0.0010	0.0010	0.9970	0.0010	0.9970	0.9970	0.9970	0.3470	0.0340	0.1390	0.2050	0.1030	0.8970	0.7600	0.4845
0.0690	0.1030	0.0350	0.0010	0.0010	0.2410	0.0330	0.0010	0.1380	0.0010	0.8960	0.9310	0.0010	0.0010	0.0010	0.0010	0.0010	0.0340	0.0350	0.3800	0.0690	0.6900	0.0010	0.0010	0.0681
0.0350	0.0350	0.1380	0.0680	0.5860	0.6550	0.0010	0.3780	0.0350	0.9970	0.0340	0.0010	0.0010	0.9970	0.0010	0.0010	0.0010	0.5510	0.0350	0.4800	0.7250	0.1030	0.0680	0.1710	0.3784
>ZNF165 Zf
0.5400	0.5000	0.0010	0.1660	0.1259	0.0410	0.4150	0.1250	0.0830	0.0010	0.7090	0.0010	0.0010	0.1660
0.2500	0.0010	0.0010	0.0830	0.0420	0.0010	0.0410	0.5400	0.3330	0.9970	0.2080	0.0010	0.0010	0.7510
0.2090	0.2080	0.9970	0.7500	0.3736	0.9170	0.5430	0.0420	0.5420	0.0010	0.0820	0.9970	0.9970	0.0820
0.0010	0.2910	0.0010	0.0010	0.4585	0.0410	0.0010	0.2930	0.0420	0.0010	0.0010	0.0010	0.0010	0.0010
>ZNF189 Zf
0.1179	0.0190	0.0350	0.9240	0.8270	0.0770	0.5330	0.0670	0.4344	0.5450
0.0579	0.0190	0.0330	0.0350	0.0400	0.6130	0.0930	0.0750	0.4134	0.2230
0.3257	0.9360	0.9000	0.0240	0.0280	0.2240	0.2870	0.7880	0.0390	0.1930
0.4985	0.0260	0.0320	0.0170	0.1050	0.0860	0.0870	0.0700	0.1131	0.0390
>ZNF264 Zf
0.1330	0.0740	0.1020	0.1560	0.6520	0.0010	0.1350	0.4955	0.9850	0.0010	0.1678
0.0640	0.0320	0.3080	0.8420	0.0050	0.9970	0.1230	0.1179	0.0050	0.6010	0.3177
0.5920	0.8010	0.5080	0.0010	0.3420	0.0010	0.1600	0.2478	0.0050	0.0010	0.0649
0.2110	0.0930	0.0820	0.0010	0.0010	0.0010	0.5820	0.1389	0.0050	0.3970	0.4496
>ZNF317 Zf
0.2450	0.0010	0.0010	0.4720	0.0010	0.0010	0.3570	0.0010	0.1320	0.0380	0.1888	0.2080	0.2060	0.0010	0.0750
0.0010	0.0010	0.9970	0.0370	0.0180	0.7550	0.0940	0.0010	0.0940	0.4720	0.3397	0.4330	0.1890	0.9430	0.3020
0.7530	0.0010	0.0010	0.0940	0.8110	0.0370	0.0010	0.9970	0.0010	0.0940	0.0569	0.0760	0.0010	0.0010	0.1320
0.0010	0.9970	0.0010	0.3970	0.1700	0.2070	0.5480	0.0010	0.7730	0.3960	0.4146	0.2830	0.6040	0.0550	0.4910
>ZNF322 Zf
0.1510	0.4254	0.1280	0.1810	0.0700	0.2490	0.2300	0.1820	0.0960	0.4790	0.0190	0.3400	0.0410	0.4610	0.0860	0.0570	0.0260	0.1980	0.0190
0.1570	0.0971	0.1210	0.5580	0.9010	0.1500	0.1160	0.2260	0.2500	0.2720	0.9460	0.1090	0.3580	0.0670	0.0320	0.7990	0.9290	0.0270	0.0640
0.5840	0.2422	0.5920	0.0770	0.0010	0.0170	0.5400	0.4210	0.1450	0.0860	0.0050	0.0360	0.5730	0.0870	0.8290	0.0510	0.0010	0.0310	0.7920
0.1080	0.2352	0.1590	0.1840	0.0280	0.5840	0.1140	0.1710	0.5090	0.1630	0.0300	0.5150	0.0280	0.3850	0.0530	0.0930	0.0440	0.7440	0.1250
>ZNF341 Zf
0.2090	0.0350	0.8570	0.9340	0.0140	0.8960	0.0050	0.0020	0.1030
0.0200	0.0510	0.0810	0.0300	0.7160	0.0150	0.0180	0.9860	0.6300
0.7170	0.8530	0.0510	0.0120	0.2340	0.0340	0.9640	0.0070	0.1090
0.0540	0.0610	0.0110	0.0240	0.0360	0.0550	0.0130	0.0050	0.1580
>ZNF382 Zf
0.2468	0.2360	0.0650	0.0320	0.0320	0.0010	0.5060	0.0430	0.0220	0.3980	0.2580	0.0430	0.1180	0.0649	0.1290	0.0540	0.0430	0.3330	0.1290
0.0649	0.2900	0.6880	0.1500	0.1180	0.0200	0.0220	0.3550	0.0110	0.0210	0.2690	0.0650	0.0110	0.3007	0.7840	0.1610	0.7960	0.2800	0.2260
0.4625	0.1720	0.0540	0.2360	0.8180	0.0010	0.2900	0.4840	0.0210	0.4410	0.2150	0.0220	0.5480	0.3646	0.0010	0.0210	0.0430	0.0540	0.1400
0.2258	0.3020	0.1930	0.5820	0.0320	0.9780	0.1820	0.1180	0.9460	0.1400	0.2580	0.8700	0.3230	0.2697	0.0860	0.7640	0.1180	0.3330	0.5050
>ZNF41 Zf
0.0840	0.0420	0.2080	0.8310	0.0010	0.0420	0.0010	0.0010	0.2070	0.0829	0.0410	0.2062	0.1240	0.4990	0.0410	0.0010	0.0010	0.1240	0.0010	0.0010	0.1240	0.0840	0.0830	0.0830
0.7480	0.2480	0.4600	0.0430	0.2890	0.0010	0.0010	0.0010	0.1680	0.4176	0.5820	0.3323	0.2100	0.0840	0.5010	0.0400	0.7470	0.7100	0.8320	0.3750	0.2080	0.0010	0.0840	0.2080
0.0420	0.0420	0.1670	0.0420	0.0010	0.6240	0.9970	0.0010	0.5420	0.1658	0.0010	0.0851	0.1260	0.0430	0.0430	0.0010	0.0010	0.0410	0.0840	0.0010	0.0830	0.7490	0.1660	0.5410
0.1260	0.6680	0.1650	0.0840	0.7090	0.3330	0.0010	0.9970	0.0830	0.3337	0.3760	0.3764	0.5400	0.3740	0.4150	0.9580	0.2510	0.1250	0.0830	0.6230	0.5850	0.1660	0.6670	0.1680
>ZNF415 Zf
0.0020	0.4570	0.1480	0.0010	0.4070	0.0010	0.3920	0.0010	0.9970	0.0010	0.0010	0.3073
0.1950	0.0970	0.1500	0.2450	0.5420	0.0010	0.0010	0.0010	0.0010	0.0010	0.9970	0.4945
0.7050	0.4450	0.0480	0.6560	0.0500	0.0010	0.5090	0.9970	0.0010	0.9970	0.0010	0.0511
0.0980	0.0010	0.6540	0.0980	0.0010	0.9970	0.0980	0.0010	0.0010	0.0010	0.0010	0.1471
>ZNF416 Zf
0.0010	0.0980	0.0010	0.0860	0.1080	0.2650	0.6850
0.9800	0.0090	0.0010	0.0010	0.0010	0.6860	0.0940
0.0010	0.0890	0.9510	0.8730	0.8900	0.0010	0.0480
0.0180	0.8040	0.0470	0.0400	0.0010	0.0480	0.1730
>ZNF467 Zf
0.1580	0.1780	0.1310	0.0150	0.0200	0.6460	0.5500	0.0040	0.2000	0.2920	0.1870
0.2500	0.0120	0.0020	0.0020	0.0320	0.0100	0.0020	0.0010	0.0080	0.0510	0.6280
0.0800	0.7800	0.8540	0.9780	0.8940	0.3370	0.3760	0.9920	0.7700	0.5640	0.0440
0.5120	0.0300	0.0130	0.0050	0.0540	0.0070	0.0720	0.0030	0.0220	0.0930	0.1410
>ZNF519 Zf
0.0010	0.9970	0.0010	0.0200	0.0110	0.0210	0.0010	0.9550	0.0010	0.0010
0.0010	0.0010	0.0010	0.4830	0.9730	0.9250	0.0660	0.0250	0.0010	0.9710
0.9970	0.0010	0.9970	0.3390	0.0100	0.0010	0.9320	0.0160	0.9930	0.0010
0.0010	0.0010	0.0010	0.1580	0.0060	0.0530	0.0010	0.0040	0.0050	0.0270
>ZNF528 Zf
0.7850	0.1240	0.6920	0.9400	0.7280	0.0010	0.0160	0.4700	0.0010	0.0270	0.0050	0.0010	0.0270	0.1910
0.0010	0.0050	0.2700	0.0010	0.0580	0.0150	0.0010	0.1590	0.9880	0.1530	0.0050	0.8850	0.7520	0.4730
0.1820	0.8540	0.0270	0.0580	0.1700	0.0010	0.8800	0.2240	0.0010	0.0110	0.0050	0.0050	0.0010	0.0640
0.0320	0.0170	0.0110	0.0010	0.0440	0.9830	0.1030	0.1470	0.0100	0.8090	0.9850	0.1090	0.2200	0.2720
>ZNF652/HepG2-ZNF652.Flag-ChIP-Seq Encode
0.0220	0.0070	0.9710	0.9930	0.0030	0.0290	0.1060	0.1020	0.0470	0.1090
0.0180	0.0070	0.0070	0.0030	0.9950	0.6820	0.8130	0.2580	0.1020	0.1690
0.0370	0.0040	0.0110	0.0010	0.0010	0.0040	0.0260	0.0010	0.0910	0.1880
0.9230	0.9820	0.0110	0.0030	0.0010	0.2850	0.0550	0.6390	0.7600	0.5340
>ZNF669 Zf
0.2438	0.8530	0.2930	0.0970	0.1220	0.0240	0.0490	0.0240	0.5870	0.0010	0.0240	0.3660	0.0250	0.0010	0.0720
0.2448	0.0490	0.1710	0.2200	0.0240	0.0240	0.0240	0.9510	0.0720	0.0240	0.9740	0.0240	0.6830	0.9510	0.8540
0.4625	0.0490	0.4140	0.0730	0.8050	0.8790	0.0730	0.0240	0.3400	0.0970	0.0010	0.5860	0.0970	0.0240	0.0010
0.0490	0.0490	0.1220	0.6100	0.0490	0.0730	0.8540	0.0010	0.0010	0.8780	0.0010	0.0240	0.1950	0.0240	0.0730
>ZNF675 Zf
0.4060	0.0590	0.6040	0.0790	0.0200	0.5050	0.0890	0.8120	0.5840	0.9890	0.9790	0.0490	0.0290
0.0300	0.0200	0.0010	0.0010	0.0200	0.3860	0.6330	0.1090	0.2080	0.0090	0.0190	0.2670	0.0010
0.5140	0.9010	0.2770	0.8310	0.8110	0.0990	0.0300	0.0100	0.1780	0.0010	0.0010	0.0490	0.9600
0.0500	0.0200	0.1180	0.0890	0.1490	0.0100	0.2480	0.0690	0.0300	0.0010	0.0010	0.6350	0.0100
>ZNF692 Zf
0.0290	0.0090	0.0010	0.0010	0.0290	0.0570	0.0010	0.0010	0.0010	0.8100
0.0360	0.0350	0.0010	0.0010	0.0010	0.6340	0.9970	0.9970	0.9890	0.0310
0.9340	0.0010	0.9970	0.9970	0.9690	0.2260	0.0010	0.0010	0.0010	0.1100
0.0010	0.9550	0.0010	0.0010	0.0010	0.0830	0.0010	0.0010	0.0090	0.0490
>ZNF7 Zf
0.0290	0.0010	0.0600	0.1160	0.4130	0.2953	0.0010	0.2330	0.0010	0.0010	0.0010	0.4690
0.0580	0.0010	0.6740	0.8250	0.0590	0.3834	0.9970	0.0010	0.4120	0.0010	0.0010	0.0010
0.0010	0.9970	0.0010	0.0290	0.1750	0.2633	0.0010	0.0010	0.0010	0.0010	0.0010	0.5010
0.9120	0.0010	0.2650	0.0300	0.3530	0.0581	0.0010	0.7650	0.5860	0.9970	0.9970	0.0290
>ZNF768 Zf
0.3554	0.3590	0.3560	0.0010	0.9630	0.0010	0.7130	0.2140	0.7500	0.1070	0.1090
0.1431	0.3220	0.2510	0.9290	0.0010	0.0360	0.1430	0.1060	0.0350	0.1070	0.1780
0.4655	0.0710	0.0720	0.0350	0.0010	0.9620	0.1430	0.6090	0.1070	0.6440	0.5350
0.0360	0.2480	0.3210	0.0350	0.0350	0.0010	0.0010	0.0710	0.1080	0.1420	0.1780
>ZSCAN22 Zf
0.5740	0.1670	0.1750	0.0160	0.4180	0.0630	0.9790	0.0719	0.0660	0.0360	0.5610	0.1820	0.0030	0.9080	0.0280	0.1190	0.1030
0.0320	0.0320	0.2110	0.9080	0.0360	0.0040	0.0080	0.0160	0.0010	0.0040	0.1080	0.0010	0.0010	0.0240	0.0010	0.0120	0.6620
0.2150	0.7850	0.0800	0.0280	0.0400	0.9320	0.0120	0.4935	0.9320	0.9560	0.1480	0.8160	0.9950	0.0360	0.9670	0.8530	0.1200
0.1790	0.0160	0.5340	0.0480	0.5060	0.0010	0.0010	0.4186	0.0010	0.0040	0.1830	0.0010	0.0010	0.0320	0.0040	0.0160	0.1150
>Zac1 Zf
0.0430	0.4670	0.0210	0.0010	0.0010	0.2190
0.1310	0.0010	0.0780	0.0010	0.6530	0.4890
0.8250	0.5020	0.9000	0.8750	0.2330	0.1040
0.0010	0.0300	0.0010	0.1230	0.1130	0.1880
>Zfp281 Zf
0.0090	0.0140	0.0010	0.0980	0.1220	0.0010	0.0010	0.0010	0.0010	0.0010	0.8670	0.0710
0.9760	0.9740	0.9970	0.8670	0.0010	0.9970	0.9970	0.9900	0.9970	0.9970	0.0240	0.7950
0.0100	0.0010	0.0010	0.0010	0.0240	0.0010	0.0010	0.0010	0.0010	0.0010	0.0490	0.0450
0.0050	0.0110	0.0010	0.0340	0.8530	0.0010	0.0010	0.0080	0.0010	0.0010	0.0600	0.0890
>Zfp57 Zf
0.0090	0.0110	0.0040	0.0050	0.0150	0.0060	0.7000
0.0170	0.0120	0.9840	0.5370	0.0090	0.9230	0.0940
0.0500	0.9740	0.0050	0.4530	0.9650	0.0250	0.1400
0.9240	0.0030	0.0070	0.0050	0.0110	0.0460	0.0660
>Zfp809 Zf
0.1960	0.1680	0.1120	0.0450	0.0010	0.2030	0.0010	0.0670	0.0420	0.0190	0.1270	0.0010	0.0010	0.0010	0.7070
0.1230	0.1000	0.0300	0.1610	0.9970	0.0840	0.3934	0.0010	0.1910	0.7840	0.2090	0.0010	0.0010	0.0010	0.0890
0.5210	0.4640	0.5700	0.7780	0.0010	0.0320	0.1542	0.9230	0.3670	0.0550	0.0030	0.9970	0.9970	0.9970	0.1670
0.1600	0.2680	0.2880	0.0160	0.0010	0.6810	0.4515	0.0090	0.4000	0.1420	0.6610	0.0010	0.0010	0.0010	0.0370
>Znf263 Zf
0.0050	0.0010	0.0010	0.0010	0.0010	0.0010	0.0010	0.1379
0.3340	0.0010	0.5120	0.9970	0.0010	0.9970	0.9970	0.6573
0.6600	0.0010	0.4860	0.0010	0.0010	0.0010	0.0010	0.0020
0.0010	0.9970	0.0010	0.0010	0.9970	0.0010	0.0010	0.2028
>p53 p53
0.5920	0.0060	0.7410	0.2138	0.0010	0.0010	0.0150	0.0240	0.2460	0.0120	0.1170	0.0060	0.7247	0.1660
0.0060	0.9580	0.0660	0.0310	0.0040	0.8549	0.9620	0.7240	0.0220	0.0060	0.0180	0.9920	0.0881	0.0860
0.3280	0.0350	0.0630	0.0919	0.9940	0.0220	0.0010	0.0160	0.6860	0.9780	0.8640	0.0010	0.0581	0.1860
0.0740	0.0010	0.1300	0.6633	0.0010	0.1221	0.0220	0.2360	0.0460	0.0040	0.0010	0.0010	0.1291	0.5620
