>ohler_motif_1 1
0.255994	0.338318	0.240771	0.426777	0.012420	0.000007	0.000008	0.000008	0.118523	0.948831	0.000008	0.859601	0.000008	0.029876	0.205390
0.250725	0.338318	0.235816	0.257306	0.590013	0.000007	0.000008	0.194058	0.872509	0.014026	0.923800	0.031724	0.912349	0.138228	0.042880
0.357045	0.247663	0.148212	0.216367	0.024161	0.994491	0.983515	0.050927	0.003315	0.024933	0.000008	0.032167	0.000008	0.011088	0.640129
0.136236	0.075701	0.375201	0.099549	0.373406	0.005494	0.016470	0.755007	0.005653	0.012210	0.076185	0.076507	0.087635	0.820809	0.111602
>ohler_motif_2 DRE
0.482345	0.267278	0.255602	0.225192	0.948961	0.000010	0.000009	0.000008	0.999972	0.075698	0.708077	0.334485	0.167722	0.330543
0.135667	0.195659	0.412358	0.129339	0.000009	0.000010	0.999974	0.000008	0.000009	0.000010	0.000009	0.133973	0.464626	0.262959
0.204212	0.396780	0.093556	0.004098	0.020115	0.000010	0.000009	0.999975	0.000009	0.000010	0.096855	0.329880	0.202240	0.148951
0.177777	0.140283	0.238485	0.641370	0.030914	0.999971	0.000009	0.000008	0.000009	0.924282	0.195058	0.201662	0.165413	0.257547
>ohler_motif_3 TATA
0.171372	0.175333	0.120733	0.020841	0.999969	0.000011	0.980977	0.785176	0.999969	0.827269	0.253786	0.099581	0.196161	0.232649	0.214953
0.205215	0.241178	0.381537	0.022807	0.000010	0.000011	0.000010	0.000010	0.000010	0.000010	0.098870	0.398324	0.376340	0.276667	0.293634
0.377672	0.459510	0.466482	0.000011	0.000010	0.000011	0.000010	0.000010	0.000010	0.000010	0.547786	0.403885	0.273594	0.372736	0.337297
0.245740	0.123979	0.031248	0.956341	0.000010	0.999968	0.019002	0.214803	0.000010	0.172711	0.099558	0.098210	0.153905	0.117948	0.154116
>ohler_motif_4 INR
0.230265	0.000007	0.000006	0.999979	0.000006	0.000007	0.027285	0.061927	0.196151	0.267701	0.235128	0.170729	0.053421	0.064746	0.276417
0.166243	0.000007	0.906146	0.000007	0.000006	0.000007	0.294069	0.177602	0.336817	0.253261	0.141759	0.068383	0.335305	0.395277	0.095056
0.099536	0.015810	0.005593	0.000007	0.929907	0.000007	0.003053	0.471955	0.273581	0.205712	0.299685	0.217604	0.092369	0.268117	0.526650
0.503955	0.984175	0.088255	0.000007	0.070081	0.999978	0.675594	0.288516	0.193451	0.273326	0.323428	0.543284	0.518906	0.271860	0.101878
>ohler_motif_5 5
0.420862	0.751261	0.576439	0.000019	0.968238	0.000019	0.000019	0.000022	0.000019	0.318578	0.000021	0.086434
0.327921	0.111676	0.105494	0.999943	0.008810	0.000019	0.999943	0.000022	0.007913	0.071780	0.133908	0.311596
0.170923	0.122206	0.035779	0.000019	0.000021	0.986265	0.000019	0.000022	0.978386	0.027389	0.081861	0.123087
0.080293	0.014858	0.282288	0.000019	0.022931	0.013697	0.000019	0.999935	0.013682	0.582254	0.784210	0.478884
>ohler_motif_6 6
0.280146	0.073835	0.055846	0.018765	0.197260	0.000022	0.029129	0.989749	0.000025	0.242903	0.068735	0.009818	0.104414	0.163507	0.409106
0.144011	0.111141	0.174054	0.319565	0.000022	0.027836	0.064196	0.010203	0.000025	0.000025	0.000025	0.000025	0.176824	0.397058	0.223841
0.104694	0.307884	0.176483	0.031341	0.794528	0.948078	0.000025	0.000024	0.000025	0.000025	0.000025	0.010970	0.063389	0.121365	0.307902
0.471148	0.507140	0.593617	0.630330	0.008191	0.024065	0.906650	0.000024	0.999924	0.757047	0.931215	0.979187	0.655372	0.318071	0.059151
>ohler_motif_7 7
0.203952	0.073670	0.005069	0.072186	0.132668	0.000012	0.999961	0.129828	0.000012	0.269174	0.000012	0.000014	0.651824	0.289279	0.143683
0.100572	0.265581	0.094459	0.232915	0.434037	0.999964	0.000013	0.114600	0.999964	0.284522	0.999964	0.131771	0.021531	0.095426	0.460399
0.153499	0.263746	0.282405	0.419829	0.306911	0.000012	0.000013	0.300341	0.000012	0.105595	0.000012	0.000014	0.312636	0.463465	0.049410
0.541977	0.397003	0.618067	0.275070	0.126384	0.000012	0.000013	0.455232	0.000012	0.340709	0.000012	0.868202	0.014010	0.151830	0.346507
>ohler_motif_8 8
0.492658	0.057830	0.000029	0.047317	0.122093	0.000028	0.000029	0.904842	0.341059	0.044627	0.157956	0.055597	0.116580	0.158443	0.045002
0.348362	0.000030	0.408519	0.531636	0.122093	0.071906	0.999913	0.013469	0.000029	0.955315	0.000029	0.707671	0.628243	0.210521	0.618193
0.092056	0.645260	0.440885	0.026433	0.755786	0.928037	0.000029	0.000032	0.658882	0.000029	0.777865	0.236703	0.000030	0.555567	0.251064
0.066924	0.296880	0.150567	0.394613	0.000029	0.000028	0.000029	0.081658	0.000029	0.000029	0.064150	0.000029	0.255146	0.075469	0.085741
>ohler_motif_9 DPE
0.082634	0.198003	0.458904	0.201933	0.000042	0.066242	0.016136	0.415514	0.102180	0.049153	0.147473	0.016399	0.149324	0.000048	0.000042
0.743747	0.144947	0.116327	0.571154	0.000042	0.854939	0.000042	0.098959	0.000044	0.935251	0.000043	0.053651	0.000048	0.081721	0.552902
0.110559	0.625722	0.138337	0.131392	0.954094	0.000043	0.983781	0.040190	0.606756	0.000042	0.805818	0.852482	0.000048	0.000048	0.416127
0.063061	0.031328	0.286432	0.095520	0.045823	0.078776	0.000042	0.445337	0.291020	0.015554	0.046666	0.077468	0.850579	0.918183	0.030929
>ohler_motif_10 10
0.000059	0.137217	0.999806	0.687486	0.000059	0.000058	0.159845	0.834960	0.715986	0.000059	0.000058	0.159958
0.949295	0.200897	0.000065	0.000064	0.999823	0.223017	0.302445	0.000064	0.000064	0.999823	0.000058	0.226215
0.050588	0.661827	0.000065	0.219061	0.000059	0.755354	0.537651	0.164913	0.165856	0.000059	0.999827	0.613768
0.000059	0.000059	0.000065	0.093389	0.000059	0.021571	0.000059	0.000064	0.118094	0.000059	0.000058	0.000059
